4800 
0 -0.239335 0
0 -0.4301556 5
0 -0.7073606 10
0 -0.8943184 15
0 -0.9348679 20
0 -0.5119653 25
0 -0.01082031 30
0 0.2723036 35
0 0.1010115 40
0 -1.825102 45
0 -4.273848 50
0 -2.219929 55
0 -0.1869035 60
0 0.06373244 65
0 0.6391646 70
0 0.3180395 75
0 -0.9742975 80
0 -1.580564 85
0 -1.233382 90
0 -0.8359526 95
0 -0.3261473 100
0 0.0731389 105
0 0.7850757 110
0 1.574795 115
0 2.423002 120
0 4.099623 125
0 5.156147 130
0 5.804761 135
0 6.105635 140
0 6.539783 145
0 7.186674 150
0 8.040082 155
0 8.626437 160
0 9.395441 165
0 9.848629 170
0 10.05136 175
0 10.81672 180
0 12.17338 185
0 13.06989 190
0 13.53961 195
0 13.52696 200
0 14.19571 205
0 15.69227 210
0 17.57007 215
0 19.65025 220
0 22.05462 225
0 24.23877 230
0 26.22117 235
0 27.64622 240
0 29.16016 245
0 30.53515 250
0 32.20834 255
0 33.42173 260
0 34.83632 265
0 35.81492 270
0 36.214 275
0 36.765 280
0 37.34008 285
0 37.94361 290
0 38.76349 295
0 39.09126 300
0 39.61771 305
0 40.15602 310
0 40.73949 315
0 41.24565 320
0 41.82381 325
0 42.3574 330
0 42.81272 335
0 43.4117 340
0 43.78178 345
0 44.17937 350
0 44.57613 355
0 45.01971 360
0 45.50313 365
0 45.74908 370
0 45.66524 375
0 45.39383 380
0 44.40259 385
0 42.41021 390
0 39.2228 395
0 34.96136 400
0 31.62675 405
0 29.13204 410
0 26.47525 415
0 24.20007 420
0 22.39187 425
0 20.4167 430
0 19.07869 435
0 18.42894 440
0 17.29368 445
0 16.10425 450
0 15.59771 455
0 15.58138 460
0 15.4292 465
0 14.79655 470
0 14.3835 475
0 14.14343 480
0 14.26099 485
0 15.11061 490
0 15.49945 495
0 16.40764 500
0 17.48233 505
0 17.87662 510
0 17.60853 515
0 17.31943 520
0 17.03671 525
0 16.75769 530
0 15.59285 535
0 14.61391 540
0 13.46762 545
0 12.41166 550
0 11.42608 555
0 10.45566 560
0 9.3101 565
0 8.301825 570
0 7.2949 575
0 5.951836 580
0 4.967083 585
0 3.548995 590
0 0 595
5 -1.007625 0
5 -1.130966 5
5 -0.9277086 10
5 -0.9626325 15
5 -0.9447702 20
5 -0.7579573 25
5 -0.2463371 30
5 0.1161125 35
5 0.2836444 40
5 -0.630278 45
5 -4.034934 50
5 -1.654138 55
5 -0.203702 60
5 0.1522721 65
5 0.6982858 70
5 0.6872475 75
5 -0.3566586 80
5 -1.018092 85
5 -0.365907 90
5 -0.6006741 95
5 -0.5431264 100
5 0.1245653 105
5 2.102156 110
5 2.964009 115
5 4.654794 120
5 5.946621 125
5 6.226991 130
5 7.014199 135
5 8.0392 140
5 8.931075 145
5 10.35932 150
5 11.23388 155
5 11.94798 160
5 12.85785 165
5 13.22189 170
5 13.18328 175
5 13.47309 180
5 14.12531 185
5 14.77091 190
5 15.33762 195
5 15.39547 200
5 15.81933 205
5 16.82343 210
5 18.45935 215
5 20.51141 220
5 22.57366 225
5 24.76595 230
5 26.818 235
5 28.35096 240
5 30.12193 245
5 31.40772 250
5 33.21399 255
5 34.35918 260
5 35.56051 265
5 36.28937 270
5 36.82988 275
5 37.41109 280
5 37.94043 285
5 38.48884 290
5 39.04569 295
5 39.49083 300
5 40.07524 305
5 40.53445 310
5 41.01033 315
5 41.56067 320
5 42.02084 325
5 42.80231 330
5 43.1775 335
5 43.87147 340
5 44.31042 345
5 44.6807 350
5 45.20334 355
5 45.68538 360
5 46.04793 365
5 46.28229 370
5 46.19559 375
5 46.07693 380
5 45.7404 385
5 44.47716 390
5 41.9394 395
5 38.60148 400
5 34.51283 405
5 31.02907 410
5 28.20426 415
5 25.74222 420
5 23.83242 425
5 22.1571 430
5 20.708 435
5 20.13468 440
5 18.72703 445
5 17.28789 450
5 17.33516 455
5 17.20364 460
5 17.08437 465
5 16.46015 470
5 15.90671 475
5 16.13173 480
5 16.66311 485
5 17.18359 490
5 17.86237 495
5 18.90624 500
5 19.24916 505
5 18.94569 510
5 18.73273 515
5 18.61927 520
5 18.48319 525
5 18.01498 530
5 17.03035 535
5 15.93998 540
5 15.01922 545
5 13.83808 550
5 13.03184 555
5 11.79982 560
5 10.47676 565
5 9.404159 570
5 8.326468 575
5 7.487382 580
5 6.80009 585
5 5.016481 590
5 0 595
10 -1.319692 0
10 -1.319249 5
10 -1.161075 10
10 -0.9118237 15
10 -0.965019 20
10 -1.007019 25
10 -0.5901465 30
10 -0.2911099 35
10 0.1050726 40
10 -0.5874779 45
10 -3.795195 50
10 -1.481161 55
10 -0.1273758 60
10 -0.1787378 65
10 -0.2440173 70
10 -0.02408854 75
10 -0.4532926 80
10 -0.1253052 85
10 1.235077 90
10 2.274451 95
10 1.448179 100
10 1.660178 105
10 3.06714 110
10 3.902201 115
10 5.24198 120
10 6.155147 125
10 7.990798 130
10 9.991112 135
10 12.50405 140
10 14.30827 145
10 14.68095 150
10 15.48216 155
10 15.21133 160
10 15.44559 165
10 15.70437 170
10 16.48499 175
10 16.58644 180
10 16.23671 185
10 16.74138 190
10 17.10804 195
10 17.27489 200
10 17.42231 205
10 18.38513 210
10 19.69526 215
10 21.47007 220
10 23.22033 225
10 25.34406 230
10 27.35625 235
10 29.39276 240
10 31.12517 245
10 32.40467 250
10 34.34965 255
10 35.34529 260
10 36.30809 265
10 36.94707 270
10 37.55559 275
10 38.12171 280
10 38.61427 285
10 39.12152 290
10 39.50821 295
10 39.94135 300
10 40.42649 305
10 40.95555 310
10 41.49099 315
10 42.02664 320
10 42.51868 325
10 43.19262 330
10 43.66575 335
10 44.25356 340
10 44.73319 345
10 45.2015 350
10 45.73914 355
10 46.04015 360
10 46.28842 365
10 46.46398 370
10 46.49677 375
10 46.32097 380
10 46.18601 385
10 45.75628 390
10 44.19251 395
10 41.47331 400
10 37.46786 405
10 33.47475 410
10 29.78517 415
10 27.04718 420
10 25.13914 425
10 23.81542 430
10 22.43068 435
10 21.5136 440
10 20.20656 445
10 19.21943 450
10 18.50007 455
10 18.44364 460
10 18.23534 465
10 18.24007 470
10 17.86768 475
10 18.21197 480
10 18.71208 485
10 19.19909 490
10 19.88325 495
10 20.39913 500
10 20.49188 505
10 20.2942 510
10 20.39111 515
10 20.2656 520
10 19.62758 525
10 19.32351 530
10 18.55597 535
10 17.59678 540
10 16.48571 545
10 15.5557 550
10 14.40129 555
10 13.25319 560
10 11.8573 565
10 10.53414 570
10 9.360057 575
10 8.830829 580
10 7.981852 585
10 6.450225 590
10 0 595
15 -1.268658 0
15 -1.412805 5
15 -1.514302 10
15 -1.153102 15
15 -1.109693 20
15 -1.214392 25
15 -0.9748874 30
15 -0.6621798 35
15 -0.1111007 40
15 -0.2118594 45
15 -3.055163 50
15 -3.240546 55
15 -0.9989029 60
15 -0.7662116 65
15 -0.6922238 70
15 -0.4129543 75
15 -0.06649667 80
15 0.884779 85
15 2.5516 90
15 2.777177 95
15 2.640926 100
15 2.634617 105
15 3.433153 110
15 4.232914 115
15 5.3423 120
15 7.450549 125
15 11.63231 130
15 14.11571 135
15 16.53402 140
15 18.0738 145
15 19.02574 150
15 18.95522 155
15 18.2518 160
15 17.55689 165
15 17.78133 170
15 18.45772 175
15 19.42581 180
15 19.21674 185
15 18.43131 190
15 18.63334 195
15 18.82907 200
15 19.02933 205
15 19.83271 210
15 21.09046 215
15 22.76442 220
15 24.40998 225
15 26.40099 230
15 28.2444 235
15 30.20895 240
15 31.90935 245
15 33.33517 250
15 34.93998 255
15 36.02795 260
15 37.09735 265
15 37.69184 270
15 38.28042 275
15 38.68294 280
15 39.34401 285
15 39.6883 290
15 40.01712 295
15 40.32947 300
15 40.80026 305
15 41.42403 310
15 42.04763 315
15 42.61178 320
15 43.03902 325
15 43.5693 330
15 44.09127 335
15 44.67127 340
15 45.05395 345
15 45.48869 350
15 45.80044 355
15 46.09255 360
15 46.22885 365
15 46.44397 370
15 46.57594 375
15 46.54201 380
15 46.42177 385
15 46.18472 390
15 45.55904 395
15 43.37714 400
15 40.29257 405
15 35.52953 410
15 31.38873 415
15 28.5253 420
15 26.85447 425
15 25.89704 430
15 24.66925 435
15 22.89683 440
15 21.74643 445
15 20.77119 450
15 19.60308 455
15 19.44546 460
15 19.67399 465
15 19.79905 470
15 20.12776 475
15 20.66349 480
15 21.00731 485
15 21.48365 490
15 21.88244 495
15 22.03679 500
15 22.09802 505
15 22.06521 510
15 22.03154 515
15 21.85128 520
15 21.31661 525
15 20.77151 530
15 20.10896 535
15 19.32045 540
15 18.2582 545
15 17.26934 550
15 16.39011 555
15 15.20979 560
15 14.18778 565
15 12.6154 570
15 10.75262 575
15 10.00763 580
15 9.047292 585
15 7.815888 590
15 0 595
20 -1.533014 0
20 -1.548655 5
20 -1.454452 10
20 -1.373091 15
20 -1.483575 20
20 -1.636224 25
20 -1.255784 30
20 -0.804252 35
20 -0.5598436 40
20 -0.5585127 45
20 -2.494663 50
20 -3.408202 55
20 -1.612818 60
20 -1.213449 65
20 -0.8310078 70
20 -0.3506508 75
20 -0.04259091 80
20 1.762002 85
20 2.24265 90
20 2.675321 95
20 3.141323 100
20 3.828135 105
20 4.243165 110
20 4.772298 115
20 6.249305 120
20 10.50065 125
20 14.41409 130
20 16.83223 135
20 18.85448 140
20 20.10635 145
20 21.54188 150
20 21.44742 155
20 20.65399 160
20 19.67319 165
20 19.68394 170
20 19.98988 175
20 21.04836 180
20 21.79527 185
20 21.14174 190
20 20.33871 195
20 20.28469 200
20 20.84846 205
20 21.21896 210
20 22.2877 215
20 24.16556 220
20 25.63907 225
20 27.41979 230
20 29.18979 235
20 30.92007 240
20 32.62952 245
20 34.16547 250
20 35.44768 255
20 37.21226 260
20 37.82933 265
20 38.3452 270
20 38.84309 275
20 39.30337 280
20 39.8388 285
20 40.3044 290
20 40.33427 295
20 41.41137 300
20 41.04914 305
20 41.9065 310
20 42.49299 315
20 43.06351 320
20 43.59669 325
20 43.98998 330
20 44.53703 335
20 44.96415 340
20 45.27419 345
20 45.59208 350
20 45.78455 355
20 45.96686 360
20 46.27155 365
20 46.3979 370
20 46.57795 375
20 46.64355 380
20 46.49889 385
20 46.3265 390
20 45.97419 395
20 44.69498 400
20 40.94917 405
20 36.72846 410
20 33.03444 415
20 30.40674 420
20 29.00573 425
20 28.1891 430
20 26.8685 435
20 24.51356 440
20 22.95125 445
20 21.6883 450
20 20.56924 455
20 20.49521 460
20 21.15498 465
20 21.74731 470
20 22.24101 475
20 22.77325 480
20 23.00906 485
20 23.4328 490
20 23.43545 495
20 23.86642 500
20 23.73893 505
20 23.60782 510
20 23.2546 515
20 23.34457 520
20 22.98734 525
20 22.23494 530
20 21.50421 535
20 20.69783 540
20 20.1762 545
20 19.61997 550
20 18.3975 555
20 17.59656 560
20 16.02698 565
20 14.39622 570
20 12.24494 575
20 10.82916 580
20 10.10195 585
20 8.895312 590
20 0 595
25 -1.824734 0
25 -1.600423 5
25 -1.788871 10
25 -1.917185 15
25 -1.93263 20
25 -1.7078 25
25 -1.449099 30
25 -0.5726104 35
25 -1.152338 40
25 -1.102549 45
25 -2.275747 50
25 -2.019938 55
25 -0.9885934 60
25 -0.1818689 65
25 0.8707584 70
25 1.023527 75
25 0.4659761 80
25 1.068656 85
25 2.370775 90
25 3.482742 95
25 4.782041 100
25 6.050755 105
25 6.851153 110
25 8.572891 115
25 10.19398 120
25 14.44301 125
25 17.8376 130
25 20.27795 135
25 20.99363 140
25 21.49483 145
25 22.33522 150
25 23.14125 155
25 23.31445 160
25 22.53778 165
25 21.94695 170
25 22.22406 175
25 22.94618 180
25 23.83958 185
25 24.31475 190
25 23.26797 195
25 22.18903 200
25 22.30774 205
25 22.74436 210
25 23.47046 215
25 25.12731 220
25 26.71319 225
25 28.33883 230
25 30.07704 235
25 31.82462 240
25 33.58359 245
25 34.86763 250
25 36.1663 255
25 37.57377 260
25 38.33895 265
25 38.93116 270
25 39.35873 275
25 39.84528 280
25 40.42202 285
25 40.88704 290
25 41.01176 295
25 41.38926 300
25 42.05381 305
25 42.57725 310
25 42.96096 315
25 43.44982 320
25 43.88908 325
25 44.36343 330
25 44.79077 335
25 45.14734 340
25 45.44413 345
25 45.58512 350
25 45.81153 355
25 46.00307 360
25 46.25987 365
25 46.39424 370
25 46.59172 375
25 46.6206 380
25 46.52502 385
25 46.31601 390
25 45.97149 395
25 44.76114 400
25 40.94589 405
25 37.8652 410
25 34.87608 415
25 32.3398 420
25 30.6908 425
25 29.7168 430
25 28.33007 435
25 26.14723 440
25 24.31126 445
25 22.73926 450
25 22.19216 455
25 21.93359 460
25 22.6236 465
25 23.30175 470
25 24.08109 475
25 24.43771 480
25 24.7777 485
25 24.92812 490
25 25.01868 495
25 25.1371 500
25 25.24859 505
25 25.16871 510
25 24.9549 515
25 24.66204 520
25 24.21815 525
25 23.67871 530
25 23.01447 535
25 22.24174 540
25 21.77369 545
25 20.97368 550
25 20.09145 555
25 19.04737 560
25 17.98565 565
25 15.87433 570
25 13.8358 575
25 12.42227 580
25 11.17378 585
25 10.10294 590
25 0 595
30 -2.093487 0
30 -2.090721 5
30 -2.021363 10
30 -2.068835 15
30 -2.049748 20
30 -2.105991 25
30 -2.051996 30
30 -1.879465 35
30 -1.543997 40
30 -1.389933 45
30 -2.066481 50
30 -0.8458907 55
30 0.2024135 60
30 1.170236 65
30 1.796243 70
30 2.548908 75
30 2.460443 80
30 2.86644 85
30 3.783507 90
30 5.266411 95
30 7.078424 100
30 9.050768 105
30 11.12708 110
30 13.44753 115
30 15.3865 120
30 16.41153 125
30 18.43486 130
30 20.4646 135
30 21.58202 140
30 22.3648 145
30 22.98185 150
30 23.82808 155
30 24.22119 160
30 24.44537 165
30 24.5582 170
30 24.61592 175
30 25.00694 180
30 24.70785 185
30 25.47913 190
30 25.72017 195
30 25.22972 200
30 24.32245 205
30 24.48787 210
30 25.24571 215
30 26.33146 220
30 27.84379 225
30 29.37673 230
30 30.98236 235
30 32.79477 240
30 34.35382 245
30 35.65745 250
30 37.15443 255
30 37.79152 260
30 39.3599 265
30 39.33854 270
30 39.76701 275
30 40.51664 280
30 41.02227 285
30 41.36803 290
30 41.67919 295
30 42.2497 300
30 42.701 305
30 43.18277 310
30 43.64771 315
30 43.89759 320
30 44.26574 325
30 44.63818 330
30 45.0566 335
30 45.32107 340
30 45.59241 345
30 45.74445 350
30 46.24111 355
30 46.12716 360
30 46.30125 365
30 46.43087 370
30 46.54427 375
30 46.48843 380
30 46.25102 385
30 45.97113 390
30 45.36907 395
30 43.99419 400
30 41.52942 405
30 39.1537 410
30 36.39239 415
30 34.07555 420
30 32.20254 425
30 30.63016 430
30 29.49706 435
30 27.93198 440
30 25.91222 445
30 24.65728 450
30 24.39416 455
30 24.01775 460
30 24.02804 465
30 24.7592 470
30 25.56178 475
30 26.09355 480
30 26.48738 485
30 26.83691 490
30 26.67158 495
30 26.76435 500
30 26.92776 505
30 26.62109 510
30 26.18071 515
30 25.95386 520
30 25.71365 525
30 25.21857 530
30 24.62197 535
30 23.84109 540
30 23.20837 545
30 22.55989 550
30 21.64988 555
30 20.66971 560
30 19.35468 565
30 17.53334 570
30 15.92584 575
30 13.92152 580
30 12.42932 585
30 11.58735 590
30 0 595
35 -2.312468 0
35 -2.336798 5
35 -2.361898 10
35 -2.340763 15
35 -2.327614 20
35 -2.28764 25
35 -2.048277 30
35 -2.332781 35
35 -2.412425 40
35 -2.456835 45
35 -3.550407 50
35 -0.6126346 55
35 0.473291 60
35 1.701826 65
35 2.552561 70
35 3.237478 75
35 3.669062 80
35 4.305887 85
35 5.30873 90
35 7.325961 95
35 9.487954 100
35 12.48221 105
35 14.04443 110
35 15.94537 115
35 17.5013 120
35 18.84998 125
35 19.82655 130
35 20.80072 135
35 22.04794 140
35 22.86695 145
35 23.64138 150
35 24.40185 155
35 25.26106 160
35 25.90171 165
35 26.06154 170
35 26.15922 175
35 27.02878 180
35 26.76264 185
35 27.28962 190
35 27.39453 195
35 27.21334 200
35 26.753 205
35 26.84997 210
35 27.62581 215
35 28.12775 220
35 28.93289 225
35 30.19071 230
35 31.51485 235
35 33.1597 240
35 34.69484 245
35 36.21526 250
35 37.43713 255
35 38.1496 260
35 38.8461 265
35 39.48933 270
35 40.02405 275
35 40.80041 280
35 41.52237 285
35 42.11028 290
35 42.72302 295
35 43.02349 300
35 43.42781 305
35 43.83869 310
35 44.13438 315
35 44.32778 320
35 44.52897 325
35 44.86856 330
35 45.21884 335
35 45.52602 340
35 45.76485 345
35 46.02781 350
35 46.20356 355
35 46.39005 360
35 46.41403 365
35 46.37839 370
35 46.31973 375
35 46.0543 380
35 45.8807 385
35 45.57775 390
35 44.99096 395
35 43.87177 400
35 42.25145 405
35 39.95275 410
35 37.9087 415
35 36.10624 420
35 34.09266 425
35 32.54879 430
35 31.11317 435
35 29.90572 440
35 28.17248 445
35 26.8835 450
35 26.01396 455
35 25.53603 460
35 25.40007 465
35 25.74069 470
35 26.77325 475
35 27.70558 480
35 28.2114 485
35 28.31605 490
35 28.38594 495
35 28.36789 500
35 28.39671 505
35 28.10911 510
35 27.71376 515
35 27.49675 520
35 27.21918 525
35 26.99629 530
35 26.77825 535
35 25.84645 540
35 25.08858 545
35 24.39706 550
35 23.34071 555
35 22.06536 560
35 20.64036 565
35 18.80662 570
35 17.57288 575
35 15.5046 580
35 13.82436 585
35 12.89013 590
35 0 595
40 -2.477399 0
40 -2.399235 5
40 -2.454372 10
40 -2.49782 15
40 -2.563202 20
40 -2.769053 25
40 -2.987857 30
40 -3.220979 35
40 -3.266284 40
40 -3.368001 45
40 -3.785347 50
40 -0.624474 55
40 0.5813415 60
40 2.174447 65
40 3.872264 70
40 4.130105 75
40 4.81121 80
40 5.44114 85
40 6.522552 90
40 8.622644 95
40 12.06429 100
40 14.90627 105
40 16.93402 110
40 18.42815 115
40 19.56425 120
40 20.58489 125
40 21.42826 130
40 22.45148 135
40 22.88322 140
40 23.69753 145
40 24.55232 150
40 25.47498 155
40 26.32572 160
40 26.93971 165
40 27.51087 170
40 28.30722 175
40 28.59479 180
40 29.51604 185
40 29.81962 190
40 29.64539 195
40 29.42859 200
40 29.26521 205
40 29.09306 210
40 29.34044 215
40 29.66525 220
40 30.07522 225
40 30.76413 230
40 31.8654 235
40 33.57649 240
40 35.1549 245
40 36.37533 250
40 37.57418 255
40 38.47852 260
40 39.05341 265
40 39.8768 270
40 40.72812 275
40 41.46357 280
40 41.96105 285
40 42.54768 290
40 43.15461 295
40 43.44944 300
40 44.17192 305
40 44.7198 310
40 44.93308 315
40 44.87806 320
40 45.03422 325
40 45.22715 330
40 45.47247 335
40 45.7428 340
40 46.04217 345
40 46.23407 350
40 46.36187 355
40 46.39877 360
40 46.21748 365
40 45.91706 370
40 45.9618 375
40 45.96201 380
40 45.86328 385
40 45.44345 390
40 44.78747 395
40 44.18192 400
40 43.21748 405
40 41.5153 410
40 39.91158 415
40 38.6207 420
40 36.56068 425
40 34.54546 430
40 32.97274 435
40 31.65196 440
40 30.52461 445
40 29.23228 450
40 27.98053 455
40 27.40117 460
40 27.23248 465
40 27.35583 470
40 27.80907 475
40 29.10515 480
40 30.10795 485
40 30.27735 490
40 30.08372 495
40 29.86217 500
40 29.5808 505
40 29.44446 510
40 29.20329 515
40 28.8882 520
40 28.60205 525
40 28.34503 530
40 27.88117 535
40 27.38104 540
40 26.45962 545
40 25.75166 550
40 24.83692 555
40 23.33089 560
40 21.77081 565
40 20.36906 570
40 18.85774 575
40 17.26611 580
40 16.02098 585
40 14.51379 590
40 0 595
45 -2.512566 0
45 -2.489554 5
45 -2.418734 10
45 -2.440428 15
45 -2.513423 20
45 -2.585597 25
45 -2.651214 30
45 -3.110933 35
45 -3.370303 40
45 -3.613133 45
45 -2.756463 50
45 -0.8844942 55
45 0.8998843 60
45 1.942723 65
45 3.444217 70
45 4.45088 75
45 5.551907 80
45 6.551482 85
45 8.750177 90
45 11.12425 95
45 13.61585 100
45 15.95531 105
45 17.7755 110
45 19.4397 115
45 20.85178 120
45 22.1297 125
45 23.03871 130
45 23.52153 135
45 23.83661 140
45 24.53979 145
45 25.30548 150
45 26.36125 155
45 27.24071 160
45 28.16533 165
45 29.14521 170
45 29.67661 175
45 29.91913 180
45 30.50016 185
45 30.97257 190
45 31.64184 195
45 31.86502 200
45 31.21371 205
45 31.19657 210
45 30.89683 215
45 30.92302 220
45 31.19193 225
45 31.63356 230
45 32.41589 235
45 34.05415 240
45 35.63306 245
45 36.92515 250
45 37.57952 255
45 38.49322 260
45 39.31961 265
45 40.31477 270
45 41.05786 275
45 41.92396 280
45 42.31596 285
45 42.78436 290
45 43.37198 295
45 43.99199 300
45 44.59619 305
45 45.06818 310
45 45.46524 315
45 45.54646 320
45 45.50284 325
45 45.64337 330
45 45.78946 335
45 46.04034 340
45 46.21687 345
45 46.38331 350
45 46.44087 355
45 46.29636 360
45 45.94622 365
45 45.81229 370
45 45.79605 375
45 45.87364 380
45 45.8213 385
45 45.58757 390
45 45.39153 395
45 45.21119 400
45 45.28157 405
45 44.5111 410
45 42.57966 415
45 41.24911 420
45 38.90707 425
45 36.55733 430
45 35.39489 435
45 33.98444 440
45 32.6223 445
45 31.5297 450
45 30.50006 455
45 29.44222 460
45 29.14819 465
45 28.91936 470
45 28.78765 475
45 30.2321 480
45 31.08062 485
45 31.79375 490
45 31.48061 495
45 31.42753 500
45 31.1972 505
45 30.77332 510
45 30.72972 515
45 30.36334 520
45 29.90561 525
45 29.32714 530
45 29.11996 535
45 28.83475 540
45 28.20621 545
45 27.14212 550
45 26.30266 555
45 24.91616 560
45 22.79443 565
45 21.25122 570
45 19.95429 575
45 18.16722 580
45 16.93851 585
45 15.70921 590
45 0 595
50 -2.565766 0
50 -2.521685 5
50 -2.48962 10
50 -2.437108 15
50 -2.281856 20
50 -2.127177 25
50 -2.066254 30
50 -2.21493 35
50 -2.85277 40
50 -2.842313 45
50 -1.328267 50
50 -0.04496873 55
50 1.139508 60
50 2.382938 65
50 3.683347 70
50 5.023149 75
50 6.763313 80
50 8.07398 85
50 10.29896 90
50 11.72516 95
50 14.33154 100
50 16.66323 105
50 18.09017 110
50 19.81312 115
50 21.13628 120
50 22.47057 125
50 23.47303 130
50 24.0999 135
50 24.55906 140
50 25.71305 145
50 26.09645 150
50 27.21225 155
50 28.33301 160
50 29.46625 165
50 30.40445 170
50 30.8314 175
50 31.35979 180
50 31.88564 185
50 32.35659 190
50 32.95747 195
50 33.71233 200
50 33.88919 205
50 33.13242 210
50 32.5574 215
50 32.34385 220
50 32.42376 225
50 32.99516 230
50 33.65736 235
50 34.47489 240
50 35.9862 245
50 37.12508 250
50 37.81138 255
50 38.29556 260
50 39.22255 265
50 40.43223 270
50 41.56346 275
50 42.12693 280
50 42.66587 285
50 43.11309 290
50 43.81665 295
50 44.38782 300
50 44.85114 305
50 45.24856 310
50 45.6188 315
50 45.78858 320
50 45.89809 325
50 46.06706 330
50 46.14352 335
50 46.29643 340
50 46.43948 345
50 46.43756 350
50 46.11239 355
50 45.97681 360
50 45.88726 365
50 45.8849 370
50 46.03114 375
50 46.03971 380
50 46.10289 385
50 46.30797 390
50 46.60146 395
50 46.82476 400
50 46.6515 405
50 46.45151 410
50 46.1883 415
50 44.63232 420
50 41.83665 425
50 39.60911 430
50 37.97971 435
50 36.52561 440
50 35.10468 445
50 33.95097 450
50 33.27205 455
50 32.23698 460
50 31.65203 465
50 31.38953 470
50 30.75546 475
50 31.58871 480
50 32.15546 485
50 32.50045 490
50 32.61605 495
50 32.51294 500
50 32.46691 505
50 32.20439 510
50 32.23349 515
50 31.88816 520
50 31.34793 525
50 31.17829 530
50 30.88719 535
50 30.35279 540
50 29.62773 545
50 28.59902 550
50 27.61508 555
50 26.31308 560
50 24.32443 565
50 22.70412 570
50 21.47112 575
50 19.69925 580
50 18.08053 585
50 16.71844 590
50 0 595
55 -2.519687 0
55 -2.471739 5
55 -2.408899 10
55 -2.221017 15
55 -2.05577 20
55 -1.979829 25
55 -1.723939 30
55 -1.422948 35
55 -1.415809 40
55 -1.644398 45
55 -0.6540746 50
55 0.5263038 55
55 1.640274 60
55 2.903595 65
55 3.869148 70
55 6.18356 75
55 7.698648 80
55 8.830717 85
55 10.38427 90
55 12.31359 95
55 15.26598 100
55 16.89476 105
55 18.36124 110
55 20.20933 115
55 20.83911 120
55 22.29837 125
55 23.72684 130
55 24.71303 135
55 25.73406 140
55 26.73988 145
55 27.68248 150
55 28.79838 155
55 29.65461 160
55 30.5473 165
55 31.28934 170
55 31.79577 175
55 32.58495 180
55 33.10764 185
55 34.21601 190
55 34.56168 195
55 35.09092 200
55 35.28561 205
55 34.74566 210
55 34.27964 215
55 34.06854 220
55 34.25307 225
55 34.80895 230
55 35.18417 235
55 35.70581 240
55 36.57998 245
55 37.52252 250
55 38.00276 255
55 38.52027 260
55 39.62145 265
55 40.83456 270
55 41.46088 275
55 42.20671 280
55 42.87398 285
55 43.43187 290
55 44.04233 295
55 44.56196 300
55 44.96125 305
55 45.38405 310
55 45.68198 315
55 45.97062 320
55 46.15618 325
55 46.33332 330
55 46.44213 335
55 46.50454 340
55 46.55106 345
55 46.25904 350
55 46.05842 355
55 45.97215 360
55 45.91095 365
55 46.02573 370
55 46.47989 375
55 46.69937 380
55 46.94332 385
55 47.38553 390
55 47.73847 395
55 48.01152 400
55 48.02515 405
55 48.02383 410
55 48.13096 415
55 47.2742 420
55 45.13219 425
55 42.03202 430
55 40.59322 435
55 38.9954 440
55 37.42246 445
55 36.12148 450
55 35.42144 455
55 34.76025 460
55 33.84989 465
55 33.5561 470
55 33.00778 475
55 33.04764 480
55 33.30714 485
55 33.48417 490
55 33.71771 495
55 33.78556 500
55 33.83216 505
55 33.76079 510
55 33.79626 515
55 33.53719 520
55 33.1486 525
55 32.81714 530
55 32.36164 535
55 31.86007 540
55 31.26152 545
55 29.9454 550
55 28.79062 555
55 27.71942 560
55 25.94623 565
55 24.31237 570
55 22.69897 575
55 21.16373 580
55 19.66846 585
55 18.19766 590
55 0 595
60 -2.348721 0
60 -2.415322 5
60 -2.367175 10
60 -2.25396 15
60 -1.918227 20
60 -1.85548 25
60 -1.500497 30
60 -1.074213 35
60 -0.9727484 40
60 -1.081372 45
60 -0.291409 50
60 0.5983678 55
60 1.766368 60
60 3.516848 65
60 5.696343 70
60 7.046233 75
60 8.340178 80
60 9.345598 85
60 10.68424 90
60 12.5898 95
60 14.65609 100
60 16.55159 105
60 17.31729 110
60 18.76686 115
60 20.16566 120
60 21.9509 125
60 23.38036 130
60 24.96131 135
60 26.24531 140
60 27.4355 145
60 28.7729 150
60 29.93007 155
60 30.60758 160
60 31.45087 165
60 32.07088 170
60 32.66034 175
60 33.54738 180
60 34.35859 185
60 35.38236 190
60 35.85874 195
60 36.07715 200
60 36.08605 205
60 36.08471 210
60 35.85953 215
60 35.57659 220
60 35.66979 225
60 35.85501 230
60 35.95126 235
60 36.48962 240
60 37.0332 245
60 37.78147 250
60 38.52714 255
60 39.38372 260
60 40.51483 265
60 41.38479 270
60 41.79907 275
60 42.53888 280
60 43.12981 285
60 43.61085 290
60 44.2016 295
60 44.82753 300
60 45.17617 305
60 45.57269 310
60 45.88559 315
60 46.26665 320
60 46.6581 325
60 46.76263 330
60 46.69175 335
60 46.66861 340
60 46.28129 345
60 46.22876 350
60 46.09612 355
60 46.06778 360
60 46.00989 365
60 46.4407 370
60 47.13068 375
60 47.54957 380
60 47.87963 385
60 48.19937 390
60 48.67205 395
60 48.66628 400
60 48.85405 405
60 49.2612 410
60 49.34171 415
60 48.9349 420
60 47.35416 425
60 44.97747 430
60 43.42658 435
60 41.79362 440
60 39.89081 445
60 38.39404 450
60 37.47015 455
60 37.06156 460
60 35.93273 465
60 35.45879 470
60 35.4034 475
60 34.77274 480
60 34.54234 485
60 34.56044 490
60 34.97556 495
60 35.10621 500
60 35.01248 505
60 35.45086 510
60 35.32521 515
60 35.50138 520
60 35.22279 525
60 34.52998 530
60 34.01365 535
60 33.20969 540
60 32.47825 545
60 31.33677 550
60 29.98263 555
60 28.9757 560
60 27.54678 565
60 25.90252 570
60 24.1615 575
60 22.66722 580
60 21.02449 585
60 19.4439 590
60 0 595
65 -1.970157 0
65 -2.320877 5
65 -2.226259 10
65 -2.054685 15
65 -1.889224 20
65 -1.838932 25
65 -1.638021 30
65 -1.155427 35
65 -1.059364 40
65 -1.020411 45
65 -0.2818545 50
65 0.7112297 55
65 1.641781 60
65 4.272922 65
65 6.907097 70
65 8.541982 75
65 9.431906 80
65 10.1348 85
65 10.93081 90
65 12.21423 95
65 14.00547 100
65 16.12462 105
65 17.26649 110
65 18.57158 115
65 20.0914 120
65 21.86646 125
65 23.40026 130
65 25.19239 135
65 26.74674 140
65 28.20802 145
65 29.65264 150
65 30.5576 155
65 31.2998 160
65 32.06285 165
65 32.88534 170
65 33.48614 175
65 34.17303 180
65 34.99954 185
65 35.61382 190
65 36.07283 195
65 36.31979 200
65 36.55404 205
65 36.94997 210
65 37.28288 215
65 37.4585 220
65 37.28902 225
65 37.04656 230
65 37.02774 235
65 37.35999 240
65 37.79699 245
65 38.57684 250
65 39.40414 255
65 40.18803 260
65 41.04057 265
65 41.88823 270
65 42.36988 275
65 42.93829 280
65 43.33839 285
65 43.779 290
65 44.53635 295
65 45.00684 300
65 45.49199 305
65 45.84898 310
65 46.26205 315
65 46.87972 320
65 47.1406 325
65 46.99859 330
65 46.87168 335
65 46.39482 340
65 46.04527 345
65 46.10672 350
65 46.05731 355
65 46.21248 360
65 46.66999 365
65 47.21374 370
65 47.57476 375
65 48.06519 380
65 48.45657 385
65 48.86697 390
65 49.21909 395
65 49.44906 400
65 49.92036 405
65 50.15122 410
65 50.20444 415
65 49.97126 420
65 49.4557 425
65 47.6368 430
65 46.29192 435
65 44.35069 440
65 42.50134 445
65 40.81573 450
65 39.57191 455
65 39.14862 460
65 38.05909 465
65 37.18526 470
65 36.80971 475
65 36.62312 480
65 36.21149 485
65 36.23833 490
65 36.43609 495
65 36.5204 500
65 36.62845 505
65 36.96462 510
65 37.26721 515
65 37.3632 520
65 37.07806 525
65 36.38502 530
65 35.42674 535
65 34.5857 540
65 33.66304 545
65 32.97683 550
65 31.57135 555
65 30.16153 560
65 28.74174 565
65 27.24346 570
65 25.81777 575
65 23.95366 580
65 22.59671 585
65 21.18806 590
65 0 595
70 -0.8519 0
70 -1.57664 5
70 -1.98098 10
70 -2.061751 15
70 -1.820947 20
70 -1.74649 25
70 -1.584929 30
70 -1.43826 35
70 -1.155061 40
70 -0.6341541 45
70 -0.1146091 50
70 0.6903588 55
70 2.224508 60
70 5.041245 65
70 7.67278 70
70 9.208738 75
70 10.68707 80
70 10.83833 85
70 11.4131 90
70 12.14919 95
70 13.47441 100
70 15.17282 105
70 16.93702 110
70 18.6358 115
70 20.34145 120
70 21.93999 125
70 23.65971 130
70 25.40286 135
70 27.03815 140
70 28.44283 145
70 29.84088 150
70 30.90281 155
70 31.8077 160
70 32.53143 165
70 33.20044 170
70 33.91227 175
70 34.58427 180
70 35.29591 185
70 35.70944 190
70 36.24034 195
70 36.61107 200
70 36.99497 205
70 37.52615 210
70 38.06823 215
70 38.29954 220
70 38.54334 225
70 38.36382 230
70 38.23635 235
70 38.53784 240
70 38.96671 245
70 39.60127 250
70 40.3415 255
70 41.0991 260
70 41.66879 265
70 42.30874 270
70 42.78453 275
70 43.41359 280
70 43.65263 285
70 44.29737 290
70 44.76688 295
70 45.23205 300
70 45.68356 305
70 46.10007 310
70 46.68372 315
70 47.05229 320
70 47.20898 325
70 47.07516 330
70 46.80334 335
70 46.20938 340
70 46.08398 345
70 46.05158 350
70 46.09819 355
70 46.74278 360
70 47.30746 365
70 47.74852 370
70 48.24185 375
70 48.60672 380
70 48.96735 385
70 49.54417 390
70 49.92605 395
70 50.48246 400
70 50.85415 405
70 51.14943 410
70 51.17645 415
70 51.02197 420
70 50.68291 425
70 50.17746 430
70 48.7096 435
70 46.95026 440
70 44.84164 445
70 43.20639 450
70 41.81226 455
70 40.89359 460
70 40.33988 465
70 39.29331 470
70 38.48115 475
70 38.23006 480
70 38.18988 485
70 37.94472 490
70 37.79873 495
70 38.20547 500
70 38.56059 505
70 38.8732 510
70 38.94397 515
70 38.72177 520
70 38.28181 525
70 37.8031 530
70 37.08398 535
70 36.24064 540
70 35.24705 545
70 34.27325 550
70 32.88907 555
70 31.28547 560
70 29.95118 565
70 28.52765 570
70 27.18895 575
70 25.487 580
70 24.04341 585
70 22.48273 590
70 0 595
75 0.383819 0
75 0.3891469 5
75 -0.1224591 10
75 -0.1405992 15
75 -0.7829826 20
75 -1.225402 25
75 -0.9343595 30
75 -1.152571 35
75 -1.028649 40
75 -0.6162708 45
75 -0.1851173 50
75 0.9421212 55
75 2.745879 60
75 5.283457 65
75 7.909879 70
75 9.633649 75
75 11.4749 80
75 12.09588 85
75 11.88313 90
75 12.74309 95
75 13.99077 100
75 15.37497 105
75 16.90623 110
75 18.70159 115
75 20.52006 120
75 22.00414 125
75 23.68345 130
75 25.17832 135
75 26.69863 140
75 28.28226 145
75 29.99775 150
75 31.21879 155
75 32.18302 160
75 32.80586 165
75 33.49784 170
75 34.26176 175
75 34.85999 180
75 35.3048 185
75 35.77615 190
75 36.37396 195
75 36.86507 200
75 37.39489 205
75 37.8526 210
75 38.34909 215
75 38.83068 220
75 39.28631 225
75 39.62685 230
75 39.53823 235
75 39.71082 240
75 40.09731 245
75 40.7134 250
75 41.22327 255
75 41.69278 260
75 42.14506 265
75 42.62856 270
75 43.13876 275
75 43.81834 280
75 44.19922 285
75 44.80416 290
75 45.25901 295
75 45.73915 300
75 46.06166 305
75 46.34278 310
75 46.78414 315
75 47.01015 320
75 47.04388 325
75 46.92792 330
75 46.60059 335
75 46.20053 340
75 46.1298 345
75 46.24578 350
75 46.72454 355
75 47.30945 360
75 47.73954 365
75 48.47336 370
75 48.91521 375
75 49.26127 380
75 49.7838 385
75 50.2948 390
75 50.61913 395
75 50.99576 400
75 51.49971 405
75 51.60934 410
75 51.6173 415
75 51.61085 420
75 51.80738 425
75 51.70942 430
75 50.89024 435
75 49.14874 440
75 47.3017 445
75 45.34629 450
75 44.00546 455
75 43.00671 460
75 42.1129 465
75 41.29181 470
75 40.65989 475
75 40.12111 480
75 39.83889 485
75 39.62865 490
75 39.48251 495
75 39.69487 500
75 40.0657 505
75 40.36498 510
75 40.32813 515
75 40.02511 520
75 39.64827 525
75 39.13291 530
75 38.57913 535
75 37.88413 540
75 36.71279 545
75 35.56119 550
75 34.39072 555
75 32.76335 560
75 31.11343 565
75 29.59357 570
75 28.22268 575
75 26.78649 580
75 25.17445 585
75 23.94939 590
75 0 595
80 1.493518 0
80 1.496933 5
80 1.456916 10
80 1.142333 15
80 0.3427826 20
80 -0.7515727 25
80 -0.9356399 30
80 -1.071119 35
80 -0.9581347 40
80 -0.3554712 45
80 0.1439985 50
80 1.267574 55
80 3.009164 60
80 5.492375 65
80 8.374766 70
80 9.935925 75
80 10.92122 80
80 11.44837 85
80 12.30176 90
80 13.49872 95
80 15.22814 100
80 16.67707 105
80 17.95707 110
80 19.01206 115
80 20.42942 120
80 21.86591 125
80 23.3912 130
80 24.95562 135
80 26.7396 140
80 28.60574 145
80 29.92322 150
80 31.21106 155
80 32.23072 160
80 33.11736 165
80 33.73616 170
80 34.32748 175
80 34.92222 180
80 35.33907 185
80 35.88774 190
80 36.44665 195
80 37.11105 200
80 37.66763 205
80 38.18229 210
80 38.75676 215
80 39.55167 220
80 40.12614 225
80 40.68803 230
80 40.72326 235
80 40.97614 240
80 41.22541 245
80 41.39345 250
80 42.05765 255
80 42.63836 260
80 42.96053 265
80 43.36555 270
80 43.65131 275
80 44.31468 280
80 45.0399 285
80 45.43095 290
80 45.62244 295
80 45.69778 300
80 45.98042 305
80 46.28489 310
80 46.41721 315
80 46.4973 320
80 46.51391 325
80 46.84414 330
80 46.44584 335
80 46.37609 340
80 46.43316 345
80 46.91371 350
80 47.32545 355
80 47.72572 360
80 48.26225 365
80 48.93555 370
80 49.52262 375
80 49.84723 380
80 50.45877 385
80 50.96413 390
80 51.28626 395
80 51.65964 400
80 51.90875 405
80 51.80519 410
80 52.02018 415
80 52.43769 420
80 52.65916 425
80 52.37704 430
80 51.90192 435
80 51.17893 440
80 49.59406 445
80 47.65291 450
80 45.89122 455
80 44.79123 460
80 44.08239 465
80 43.27435 470
80 42.66097 475
80 42.159 480
80 41.62198 485
80 41.25449 490
80 41.02379 495
80 40.85988 500
80 41.35086 505
80 41.45564 510
80 41.35064 515
80 41.21078 520
80 41.1395 525
80 40.82914 530
80 39.97561 535
80 39.12521 540
80 38.09646 545
80 36.57483 550
80 35.57756 555
80 34.27633 560
80 32.59949 565
80 31.02109 570
80 29.35406 575
80 27.98594 580
80 26.41091 585
80 25.10369 590
80 0 595
85 2.326644 0
85 2.011903 5
85 2.184622 10
85 1.696643 15
85 1.233381 20
85 -0.1125405 25
85 -0.5640893 30
85 -0.4672938 35
85 -0.2461194 40
85 0.1891666 45
85 0.7950838 50
85 1.678955 55
85 3.483454 60
85 5.755079 65
85 7.85221 70
85 9.429416 75
85 10.75653 80
85 11.977 85
85 13.32226 90
85 14.67018 95
85 16.27383 100
85 17.96926 105
85 19.3748 110
85 19.94658 115
85 20.83142 120
85 22.04617 125
85 23.58998 130
85 25.34232 135
85 27.18587 140
85 28.96604 145
85 30.06912 150
85 31.28855 155
85 32.30858 160
85 33.05752 165
85 33.72406 170
85 34.27841 175
85 34.85521 180
85 35.33325 185
85 35.93199 190
85 36.56391 195
85 37.22493 200
85 37.90971 205
85 38.49746 210
85 39.16864 215
85 40.15181 220
85 40.59998 225
85 41.15134 230
85 41.60604 235
85 42.36724 240
85 42.64655 245
85 42.54095 250
85 42.83728 255
85 43.13942 260
85 43.58525 265
85 44.00942 270
85 44.3568 275
85 44.80917 280
85 45.12123 285
85 45.23024 290
85 45.26434 295
85 45.35857 300
85 45.63979 305
85 45.63112 310
85 45.74451 315
85 45.93045 320
85 46.31989 325
85 46.62516 330
85 47.11963 335
85 47.24707 340
85 47.26138 345
85 47.41564 350
85 47.64168 355
85 48.21075 360
85 48.83963 365
85 49.5634 370
85 50.09188 375
85 50.47498 380
85 50.9767 385
85 51.48576 390
85 51.84593 395
85 52.15988 400
85 52.29131 405
85 52.54512 410
85 52.96582 415
85 53.31815 420
85 53.3957 425
85 53.21452 430
85 52.83551 435
85 52.28417 440
85 51.1985 445
85 49.30928 450
85 48.03079 455
85 46.62017 460
85 45.79268 465
85 45.09872 470
85 44.42079 475
85 44.01015 480
85 43.46626 485
85 43.17536 490
85 42.78242 495
85 42.56814 500
85 42.82792 505
85 42.85929 510
85 42.94294 515
85 42.57798 520
85 42.6387 525
85 42.15455 530
85 41.38493 535
85 40.42923 540
85 39.30484 545
85 38.00883 550
85 36.56699 555
85 35.60508 560
85 33.88407 565
85 32.51045 570
85 30.82016 575
85 29.42735 580
85 27.9291 585
85 26.18344 590
85 0 595
90 2.564194 0
90 2.59934 5
90 2.562078 10
90 2.05731 15
90 1.642336 20
90 0.6923863 25
90 -0.08921098 30
90 0.004534731 35
90 0.3621191 40
90 0.77008 45
90 1.155797 50
90 2.03746 55
90 3.843953 60
90 6.001644 65
90 7.830083 70
90 9.081697 75
90 10.9318 80
90 13.30523 85
90 14.89261 90
90 16.18212 95
90 17.97625 100
90 18.24613 105
90 19.59175 110
90 21.09098 115
90 22.01388 120
90 22.593 125
90 24.02596 130
90 25.62188 135
90 27.08417 140
90 28.64507 145
90 30.27188 150
90 31.42529 155
90 32.08437 160
90 32.95767 165
90 33.51079 170
90 34.22525 175
90 34.72552 180
90 35.34585 185
90 35.93961 190
90 36.68915 195
90 37.43515 200
90 38.19168 205
90 38.81413 210
90 39.51703 215
90 40.36331 220
90 40.93907 225
90 41.65127 230
90 42.61257 235
90 43.04218 240
90 43.25237 245
90 43.74822 250
90 43.96171 255
90 44.02599 260
90 44.38973 265
90 44.77425 270
90 45.13762 275
90 45.4977 280
90 45.50705 285
90 45.40806 290
90 45.41187 295
90 45.48674 300
90 45.64684 305
90 45.77564 310
90 46.08241 315
90 46.47042 320
90 47.17335 325
90 47.8789 330
90 48.13677 335
90 48.10683 340
90 48.36884 345
90 48.5437 350
90 48.85667 355
90 49.53264 360
90 49.90303 365
90 50.39377 370
90 50.80956 375
90 51.14485 380
90 51.63426 385
90 51.86443 390
90 52.30563 395
90 52.64982 400
90 52.93641 405
90 53.24057 410
90 53.62329 415
90 53.86529 420
90 53.81427 425
90 53.67972 430
90 53.3646 435
90 52.95098 440
90 52.19362 445
90 51.22803 450
90 49.91727 455
90 48.88701 460
90 47.80494 465
90 47.05323 470
90 46.38725 475
90 45.63926 480
90 45.26025 485
90 44.88235 490
90 44.57263 495
90 44.47357 500
90 44.86579 505
90 45.09166 510
90 45.38239 515
90 45.35798 520
90 45.06346 525
90 44.49745 530
90 43.6528 535
90 42.23961 540
90 40.74675 545
90 39.24744 550
90 37.81407 555
90 36.56513 560
90 35.38093 565
90 33.66178 570
90 31.78455 575
90 30.41663 580
90 28.97533 585
90 27.29533 590
90 0 595
95 3.505798 0
95 3.557791 5
95 3.665577 10
95 3.248782 15
95 2.510378 20
95 1.693347 25
95 0.8987576 30
95 0.6467857 35
95 1.058577 40
95 1.414624 45
95 1.619891 50
95 2.402622 55
95 3.954246 60
95 5.912354 65
95 7.639081 70
95 9.501468 75
95 11.77286 80
95 14.54058 85
95 15.66558 90
95 16.64947 95
95 17.72447 100
95 18.63935 105
95 19.66915 110
95 21.08773 115
95 21.82406 120
95 22.90026 125
95 24.6191 130
95 25.58742 135
95 26.97887 140
95 28.50366 145
95 30.15725 150
95 31.20492 155
95 31.8484 160
95 32.61016 165
95 33.26896 170
95 34.03292 175
95 34.60216 180
95 35.27839 185
95 36.16557 190
95 36.84521 195
95 37.65906 200
95 38.47913 205
95 39.10738 210
95 39.76767 215
95 40.4597 220
95 41.19432 225
95 42.19599 230
95 42.93961 235
95 43.20272 240
95 43.58691 245
95 44.13845 250
95 44.67746 255
95 45.02688 260
95 45.04007 265
95 45.1857 270
95 45.57937 275
95 45.77458 280
95 45.86382 285
95 45.90319 290
95 46.04907 295
95 46.2753 300
95 46.23104 305
95 46.26611 310
95 46.6277 315
95 47.17097 320
95 48.07906 325
95 48.48253 330
95 48.76493 335
95 49.22741 340
95 49.57528 345
95 49.98074 350
95 50.10817 355
95 50.28507 360
95 50.73188 365
95 51.21175 370
95 51.40042 375
95 51.69227 380
95 52.11306 385
95 52.50206 390
95 52.84987 395
95 53.04777 400
95 53.44318 405
95 53.77668 410
95 54.07755 415
95 54.2463 420
95 54.38921 425
95 54.37567 430
95 54.02869 435
95 53.67639 440
95 53.12035 445
95 52.61211 450
95 51.77258 455
95 51.07373 460
95 49.95927 465
95 49.13129 470
95 48.33813 475
95 47.51288 480
95 46.99143 485
95 46.65194 490
95 46.29944 495
95 46.50033 500
95 46.65037 505
95 47.04074 510
95 47.34776 515
95 47.30394 520
95 46.79855 525
95 46.1472 530
95 45.35907 535
95 44.10456 540
95 42.11145 545
95 40.52345 550
95 38.90686 555
95 37.25448 560
95 35.93632 565
95 34.60398 570
95 32.93313 575
95 31.55209 580
95 30.07716 585
95 28.39115 590
95 0 595
100 4.197134 0
100 4.264195 5
100 4.198392 10
100 4.309003 15
100 3.954678 20
100 2.666158 25
100 1.788001 30
100 2.039978 35
100 2.241485 40
100 2.516074 45
100 2.166879 50
100 2.527088 55
100 4.363079 60
100 6.585393 65
100 8.856783 70
100 10.63937 75
100 12.54498 80
100 14.42367 85
100 15.3679 90
100 16.45194 95
100 18.11245 100
100 19.27833 105
100 20.24944 110
100 20.74372 115
100 21.59767 120
100 22.65098 125
100 23.90398 130
100 25.98131 135
100 28.1103 140
100 28.34085 145
100 29.70781 150
100 30.94797 155
100 31.65291 160
100 32.41493 165
100 33.10522 170
100 33.79211 175
100 34.4855 180
100 35.26997 185
100 36.2058 190
100 37.24701 195
100 38.03186 200
100 38.81279 205
100 39.32834 210
100 39.87008 215
100 40.44422 220
100 41.26606 225
100 42.13108 230
100 42.86275 235
100 43.34697 240
100 43.89486 245
100 44.47077 250
100 45.00185 255
100 45.40519 260
100 45.68598 265
100 45.97844 270
100 46.05558 275
100 46.36629 280
100 46.69104 285
100 47.01913 290
100 47.08258 295
100 47.16313 300
100 47.22547 305
100 47.16875 310
100 47.21991 315
100 47.75917 320
100 48.67017 325
100 49.08666 330
100 49.58251 335
100 50.15116 340
100 50.64032 345
100 51.20907 350
100 51.35775 355
100 51.47899 360
100 51.7734 365
100 51.8192 370
100 52.02774 375
100 52.11946 380
100 52.35788 385
100 52.93863 390
100 53.25064 395
100 53.52064 400
100 53.94893 405
100 54.241 410
100 54.45867 415
100 54.6524 420
100 54.94744 425
100 54.99841 430
100 55.01306 435
100 55.4393 440
100 54.15626 445
100 53.85449 450
100 53.23198 455
100 52.64249 460
100 51.75779 465
100 50.83714 470
100 50.02687 475
100 49.17192 480
100 48.5736 485
100 48.15525 490
100 48.06294 495
100 48.19016 500
100 48.37808 505
100 48.51929 510
100 48.65432 515
100 48.51677 520
100 48.22876 525
100 47.50769 530
100 46.68163 535
100 45.62375 540
100 44.03866 545
100 42.0396 550
100 40.24306 555
100 38.7298 560
100 37.11073 565
100 35.45439 570
100 34.21979 575
100 32.71904 580
100 31.24135 585
100 29.56771 590
100 0 595
105 4.248394 0
105 4.3894 5
105 4.424218 10
105 4.417035 15
105 4.43137 20
105 3.380076 25
105 2.399985 30
105 2.421946 35
105 3.075217 40
105 3.06256 45
105 2.552403 50
105 2.934534 55
105 5.07732 60
105 7.813484 65
105 10.22988 70
105 11.62066 75
105 12.78718 80
105 14.05891 85
105 15.3647 90
105 16.92211 95
105 18.68175 100
105 19.77822 105
105 20.32718 110
105 20.90257 115
105 21.49727 120
105 22.4307 125
105 23.66175 130
105 25.27904 135
105 26.82959 140
105 28.29201 145
105 30.05247 150
105 30.95962 155
105 31.59169 160
105 32.37831 165
105 33.09438 170
105 33.70612 175
105 34.48055 180
105 35.24811 185
105 36.26804 190
105 37.44402 195
105 38.18874 200
105 38.93351 205
105 39.44572 210
105 39.8446 215
105 40.38532 220
105 41.17815 225
105 42.01923 230
105 42.70912 235
105 43.46539 240
105 44.2263 245
105 44.99446 250
105 45.7018 255
105 46.26211 260
105 47.01542 265
105 47.50581 270
105 47.73399 275
105 47.70127 280
105 48.13361 285
105 48.2115 290
105 48.16174 295
105 48.03809 300
105 48.05498 305
105 48.11507 310
105 48.14908 315
105 48.58068 320
105 49.28972 325
105 50.05897 330
105 50.67194 335
105 51.20409 340
105 51.70127 345
105 52.04008 350
105 52.29322 355
105 52.43443 360
105 52.53064 365
105 52.64364 370
105 52.79007 375
105 52.75888 380
105 52.92593 385
105 53.11889 390
105 53.48079 395
105 53.64423 400
105 54.21585 405
105 54.56527 410
105 54.86149 415
105 55.18969 420
105 55.53142 425
105 55.56479 430
105 55.67243 435
105 55.58247 440
105 55.2158 445
105 54.74141 450
105 54.41079 455
105 53.80268 460
105 53.13235 465
105 52.26063 470
105 51.45906 475
105 50.78327 480
105 50.20514 485
105 49.92512 490
105 49.74471 495
105 49.67997 500
105 49.83504 505
105 49.52598 510
105 49.46463 515
105 49.41555 520
105 49.11704 525
105 48.48587 530
105 47.61211 535
105 46.65677 540
105 45.45838 545
105 43.69659 550
105 41.6911 555
105 39.73508 560
105 38.36351 565
105 36.55252 570
105 34.90863 575
105 33.65056 580
105 32.30547 585
105 30.9021 590
105 0 595
110 5.38498 0
110 4.395125 5
110 4.470076 10
110 4.305554 15
110 4.200642 20
110 3.810287 25
110 3.637178 30
110 3.399299 35
110 3.526915 40
110 3.311522 45
110 2.951131 50
110 3.624552 55
110 5.947475 60
110 8.698979 65
110 11.07618 70
110 12.54611 75
110 13.81435 80
110 14.74639 85
110 15.72276 90
110 17.0576 95
110 18.52111 100
110 19.95481 105
110 20.60998 110
110 21.08863 115
110 21.83558 120
110 22.87036 125
110 24.3028 130
110 25.6887 135
110 27.07662 140
110 28.37688 145
110 30.50958 150
110 30.96774 155
110 31.57176 160
110 32.32417 165
110 33.00281 170
110 33.70444 175
110 34.48794 180
110 35.68276 185
110 36.73631 190
110 37.8148 195
110 38.65634 200
110 39.17336 205
110 39.57689 210
110 39.92944 215
110 40.43246 220
110 41.25557 225
110 41.98999 230
110 43.05 235
110 43.97447 240
110 44.87374 245
110 45.8198 250
110 46.51788 255
110 47.50659 260
110 48.4039 265
110 48.94053 270
110 49.37724 275
110 49.46648 280
110 49.44707 285
110 49.57546 290
110 49.48096 295
110 49.41446 300
110 49.41413 305
110 49.27762 310
110 49.2697 315
110 49.42556 320
110 49.85712 325
110 50.85772 330
110 51.4461 335
110 52.03759 340
110 52.52356 345
110 53.0196 350
110 53.29441 355
110 53.40933 360
110 53.43696 365
110 53.42323 370
110 53.48529 375
110 53.6207 380
110 53.64678 385
110 53.72396 390
110 53.88075 395
110 54.01989 400
110 54.53107 405
110 54.80384 410
110 55.1572 415
110 55.71709 420
110 55.88967 425
110 55.95301 430
110 56.02383 435
110 56.16059 440
110 56.0259 445
110 55.78557 450
110 55.54369 455
110 55.05163 460
110 54.47086 465
110 53.76814 470
110 52.98531 475
110 52.46776 480
110 51.87088 485
110 51.52772 490
110 51.03064 495
110 51.06026 500
110 50.96841 505
110 50.55965 510
110 50.00276 515
110 49.69301 520
110 49.53792 525
110 49.07291 530
110 48.47515 535
110 47.69326 540
110 46.71756 545
110 45.24542 550
110 43.39189 555
110 41.18391 560
110 39.37453 565
110 37.94702 570
110 36.02489 575
110 34.45998 580
110 33.46509 585
110 32.03794 590
110 0 595
115 7.519243 0
115 5.716701 5
115 4.34257 10
115 4.339389 15
115 4.435536 20
115 4.123251 25
115 3.992733 30
115 4.140673 35
115 4.037244 40
115 3.536385 45
115 3.289338 50
115 4.268376 55
115 6.529253 60
115 9.291382 65
115 11.64884 70
115 13.33243 75
115 14.85661 80
115 15.39561 85
115 15.98504 90
115 17.02049 95
115 18.30988 100
115 19.92371 105
115 20.77699 110
115 21.28189 115
115 22.21698 120
115 23.37103 125
115 24.66879 130
115 25.74183 135
115 27.0797 140
115 28.72739 145
115 30.15103 150
115 30.9097 155
115 31.61278 160
115 32.32099 165
115 33.17301 170
115 34.20158 175
115 35.46521 180
115 36.78158 185
115 37.75794 190
115 38.39878 195
115 38.98016 200
115 39.29924 205
115 39.76316 210
115 40.22988 215
115 41.15934 220
115 41.7375 225
115 42.5448 230
115 43.46536 235
115 44.51918 240
115 45.42228 245
115 46.35445 250
115 47.23034 255
115 48.33553 260
115 49.15816 265
115 49.5716 270
115 50.00777 275
115 50.42748 280
115 50.45556 285
115 50.43172 290
115 50.56256 295
115 50.522 300
115 50.48663 305
115 50.26016 310
115 50.20367 315
115 50.45679 320
115 50.89637 325
115 51.85352 330
115 52.49097 335
115 53.01952 340
115 53.55794 345
115 53.81516 350
115 54.12223 355
115 54.41655 360
115 54.50674 365
115 54.44871 370
115 54.42705 375
115 54.42754 380
115 54.39462 385
115 54.47977 390
115 54.59262 395
115 54.71537 400
115 55.03691 405
115 55.3358 410
115 55.82199 415
115 56.16855 420
115 56.21825 425
115 56.24884 430
115 56.42532 435
115 56.65506 440
115 56.78034 445
115 56.69595 450
115 56.58563 455
115 56.2805 460
115 55.63598 465
115 55.09823 470
115 54.54441 475
115 53.8426 480
115 53.29469 485
115 52.71951 490
115 52.3919 495
115 52.20665 500
115 52.03248 505
115 51.50301 510
115 50.71015 515
115 50.10944 520
115 49.79962 525
115 49.49889 530
115 49.04964 535
115 48.42337 540
115 47.47266 545
115 46.53689 550
115 44.86128 555
115 42.46383 560
115 40.44149 565
115 38.99383 570
115 37.31723 575
115 35.47591 580
115 34.40128 585
115 33.27978 590
115 0 595
120 7.690081 0
120 6.340168 5
120 4.353894 10
120 4.351397 15
120 4.673349 20
120 4.567058 25
120 4.244022 30
120 4.37089 35
120 4.048459 40
120 3.777225 45
120 3.638718 50
120 4.696327 55
120 7.189019 60
120 9.806646 65
120 12.1342 70
120 14.01979 75
120 15.32908 80
120 15.79316 85
120 16.24852 90
120 16.96803 95
120 18.04265 100
120 19.18534 105
120 19.99748 110
120 21.03347 115
120 22.24849 120
120 23.50659 125
120 24.96403 130
120 26.06489 135
120 27.32827 140
120 28.95081 145
120 30.23827 150
120 31.00075 155
120 31.9636 160
120 33.04876 165
120 33.93879 170
120 35.09704 175
120 36.14097 180
120 37.29659 185
120 38.29091 190
120 38.76693 195
120 39.21186 200
120 39.55998 205
120 40.19041 210
120 40.78833 215
120 41.57428 220
120 42.21792 225
120 42.88091 230
120 43.87745 235
120 44.92915 240
120 45.9245 245
120 46.83516 250
120 47.88659 255
120 48.9889 260
120 49.80109 265
120 50.30645 270
120 50.69144 275
120 51.15344 280
120 51.49089 285
120 51.53969 290
120 51.51744 295
120 51.48623 300
120 51.37134 305
120 51.36072 310
120 51.60254 315
120 51.77628 320
120 52.02095 325
120 52.73642 330
120 53.28384 335
120 53.63552 340
120 54.02749 345
120 54.45998 350
120 54.86348 355
120 55.14775 360
120 55.33825 365
120 55.46511 370
120 55.50814 375
120 55.31908 380
120 55.21601 385
120 55.22327 390
120 55.22083 395
120 55.39771 400
120 55.70068 405
120 55.96397 410
120 56.36631 415
120 56.59752 420
120 56.73569 425
120 56.78519 430
120 56.86901 435
120 56.95097 440
120 57.0561 445
120 57.14269 450
120 57.17414 455
120 57.12963 460
120 56.76724 465
120 56.29155 470
120 55.72329 475
120 55.12055 480
120 54.45805 485
120 54.08545 490
120 53.79689 495
120 53.28475 500
120 53.09774 505
120 52.57436 510
120 51.63306 515
120 50.83195 520
120 50.28209 525
120 49.75092 530
120 49.47128 535
120 49.04781 540
120 48.44768 545
120 47.57159 550
120 46.01641 555
120 43.77134 560
120 41.70509 565
120 40.23634 570
120 38.74271 575
120 36.65017 580
120 35.37871 585
120 34.35848 590
120 0 595
125 7.755394 0
125 6.511207 5
125 4.658773 10
125 4.319064 15
125 4.629123 20
125 4.676023 25
125 4.32198 30
125 4.383703 35
125 3.934932 40
125 3.888172 45
125 4.174671 50
125 5.555538 55
125 7.652781 60
125 10.07305 65
125 12.39066 70
125 14.17309 75
125 15.88613 80
125 16.02824 85
125 16.57064 90
125 17.24857 95
125 18.08686 100
125 18.86135 105
125 19.73646 110
125 20.87706 115
125 22.32078 120
125 23.64308 125
125 24.88202 130
125 26.24662 135
125 27.71031 140
125 29.27455 145
125 30.24692 150
125 31.26596 155
125 32.64832 160
125 33.55891 165
125 34.46701 170
125 35.49111 175
125 36.40121 180
125 37.42762 185
125 38.43925 190
125 39.07659 195
125 39.43565 200
125 40.0143 205
125 40.56683 210
125 41.24021 215
125 41.86562 220
125 42.77899 225
125 43.3 230
125 44.23874 235
125 45.39516 240
125 46.2966 245
125 47.16407 250
125 48.23999 255
125 49.39822 260
125 50.21258 265
125 50.90807 270
125 51.43771 275
125 52.0167 280
125 52.3877 285
125 52.44552 290
125 52.31942 295
125 52.26318 300
125 52.2192 305
125 52.33308 310
125 52.58395 315
125 52.75119 320
125 53.01357 325
125 53.43369 330
125 53.85593 335
125 54.24273 340
125 54.93235 345
125 55.39032 350
125 55.96379 355
125 56.33786 360
125 56.44768 365
125 56.67988 370
125 56.64622 375
125 56.47144 380
125 56.32909 385
125 56.09781 390
125 56.00098 395
125 56.00389 400
125 56.29915 405
125 56.528 410
125 56.84684 415
125 57.06736 420
125 57.25735 425
125 57.46502 430
125 57.57202 435
125 57.6005 440
125 57.577 445
125 57.56782 450
125 57.57008 455
125 57.54055 460
125 57.48497 465
125 57.2289 470
125 56.77625 475
125 56.26184 480
125 55.66953 485
125 55.24461 490
125 55.04519 495
125 54.7009 500
125 54.16192 505
125 53.61169 510
125 52.68849 515
125 51.62171 520
125 51.29388 525
125 50.65926 530
125 50.0032 535
125 49.50855 540
125 48.91417 545
125 48.46587 550
125 47.27787 555
125 45.4819 560
125 43.05479 565
125 41.42752 570
125 39.95287 575
125 37.933 580
125 36.51338 585
125 35.32452 590
125 0 595
130 7.530349 0
130 7.041073 5
130 5.259895 10
130 4.442967 15
130 4.452077 20
130 4.538764 25
130 4.221323 30
130 4.0988 35
130 4.001962 40
130 4.086488 45
130 4.663766 50
130 6.007149 55
130 7.815722 60
130 10.31947 65
130 12.50668 70
130 15.13392 75
130 15.50946 80
130 16.33169 85
130 16.95819 90
130 17.6825 95
130 18.31074 100
130 18.86921 105
130 19.71511 110
130 20.75734 115
130 22.07674 120
130 23.36498 125
130 24.57549 130
130 26.00944 135
130 27.35365 140
130 28.89101 145
130 30.36573 150
130 31.51418 155
130 32.82252 160
130 33.68322 165
130 34.65399 170
130 35.51498 175
130 36.38245 180
130 37.24208 185
130 38.24446 190
130 39.15062 195
130 39.71235 200
130 40.2029 205
130 40.78876 210
130 41.51702 215
130 42.28124 220
130 42.91248 225
130 43.75117 230
130 44.70969 235
130 45.74118 240
130 46.63498 245
130 47.43943 250
130 48.55176 255
130 49.51463 260
130 50.50943 265
130 51.22528 270
130 51.84284 275
130 52.27891 280
130 52.63354 285
130 52.73665 290
130 52.89316 295
130 52.98187 300
130 53.02102 305
130 53.08935 310
130 53.27469 315
130 53.4243 320
130 53.64484 325
130 53.98798 330
130 54.30369 335
130 54.88166 340
130 55.57448 345
130 56.04346 350
130 56.69364 355
130 56.94063 360
130 57.41801 365
130 57.84932 370
130 57.9865 375
130 57.81728 380
130 57.48758 385
130 57.11528 390
130 56.80854 395
130 56.7181 400
130 56.89739 405
130 57.13195 410
130 57.44094 415
130 57.65491 420
130 57.82564 425
130 58.20523 430
130 58.46184 435
130 58.55789 440
130 58.64346 445
130 58.63834 450
130 58.44223 455
130 58.26953 460
130 58.10368 465
130 57.99726 470
130 57.91378 475
130 57.5819 480
130 56.94557 485
130 56.55043 490
130 56.33744 495
130 56.13923 500
130 55.58867 505
130 54.74862 510
130 53.77394 515
130 52.61127 520
130 51.89626 525
130 51.47369 530
130 51.04516 535
130 50.36597 540
130 49.61642 545
130 49.16831 550
130 48.14892 555
130 46.55542 560
130 44.3822 565
130 42.49609 570
130 40.94573 575
130 39.22591 580
130 37.90888 585
130 36.89767 590
130 0 595
135 7.403467 0
135 7.169627 5
135 5.926794 10
135 4.698415 15
135 4.263984 20
135 4.410075 25
135 4.183908 30
135 4.068123 35
135 4.091367 40
135 4.381675 45
135 5.027901 50
135 6.220845 55
135 7.842204 60
135 10.37718 65
135 12.58276 70
135 13.91147 75
135 15.21405 80
135 16.49528 85
135 17.29808 90
135 18.13268 95
135 18.73227 100
135 19.2242 105
135 19.89241 110
135 20.54109 115
135 21.55668 120
135 22.85674 125
135 24.24348 130
135 25.78411 135
135 27.43917 140
135 28.90106 145
135 30.35181 150
135 31.73922 155
135 32.73941 160
135 33.90988 165
135 34.69202 170
135 35.43132 175
135 36.20668 180
135 36.9829 185
135 37.83818 190
135 38.94138 195
135 39.77393 200
135 40.2882 205
135 40.96591 210
135 41.67785 215
135 42.34335 220
135 43.07387 225
135 43.95701 230
135 45.05175 235
135 45.92525 240
135 46.85989 245
135 47.67078 250
135 48.76137 255
135 49.60122 260
135 50.50045 265
135 51.54819 270
135 52.21603 275
135 52.57925 280
135 52.84855 285
135 53.00854 290
135 53.29823 295
135 53.53292 300
135 53.54706 305
135 53.7178 310
135 53.87615 315
135 54.04404 320
135 54.21016 325
135 54.63638 330
135 55.03014 335
135 55.42286 340
135 56.08588 345
135 56.65871 350
135 57.31146 355
135 57.78007 360
135 58.35456 365
135 58.82347 370
135 59.24719 375
135 58.93847 380
135 58.39375 385
135 57.98389 390
135 57.7683 395
135 57.60051 400
135 57.56463 405
135 57.96404 410
135 58.23672 415
135 58.4394 420
135 58.77676 425
135 59.10937 430
135 59.41252 435
135 59.52195 440
135 59.46949 445
135 59.55878 450
135 59.66835 455
135 59.49513 460
135 59.32516 465
135 59.19192 470
135 58.99182 475
135 58.72874 480
135 58.30989 485
135 57.8975 490
135 57.69648 495
135 57.37143 500
135 56.97383 505
135 56.11303 510
135 54.96859 515
135 53.71998 520
135 52.63035 525
135 51.76743 530
135 51.57071 535
135 51.32872 540
135 50.6761 545
135 49.97202 550
135 49.1328 555
135 47.67165 560
135 45.71033 565
135 43.69727 570
135 41.82053 575
135 40.49758 580
135 39.08252 585
135 37.7598 590
135 0 595
140 7.243408 0
140 7.086183 5
140 6.30143 10
140 5.051281 15
140 4.436203 20
140 4.148789 25
140 4.176257 30
140 4.136194 35
140 4.222035 40
140 4.41257 45
140 5.150644 50
140 6.552602 55
140 8.185558 60
140 10.12871 65
140 12.08806 70
140 13.04591 75
140 14.87508 80
140 16.80153 85
140 17.56997 90
140 18.74253 95
140 19.09237 100
140 19.54366 105
140 20.12447 110
140 20.63596 115
140 21.61503 120
140 22.74458 125
140 24.07554 130
140 25.65887 135
140 27.39935 140
140 28.68097 145
140 30.17119 150
140 31.39195 155
140 32.70706 160
140 33.68197 165
140 34.68494 170
140 35.14328 175
140 35.81231 180
140 36.57177 185
140 37.5417 190
140 38.53179 195
140 39.48846 200
140 40.10408 205
140 40.79065 210
140 41.60588 215
140 42.3362 220
140 43.17463 225
140 44.16662 230
140 45.19104 235
140 45.9607 240
140 46.85197 245
140 47.82571 250
140 48.85446 255
140 49.73925 260
140 50.65783 265
140 51.59738 270
140 52.46829 275
140 52.79084 280
140 52.95156 285
140 53.26612 290
140 53.4985 295
140 53.81825 300
140 54.06827 305
140 54.30533 310
140 54.56401 315
140 54.74358 320
140 55.08789 325
140 55.46569 330
140 55.68874 335
140 56.01563 340
140 56.65068 345
140 57.35033 350
140 58.18343 355
140 58.75297 360
140 59.28445 365
140 59.84933 370
140 59.90149 375
140 59.8019 380
140 59.44183 385
140 59.12733 390
140 58.9026 395
140 58.8727 400
140 58.91039 405
140 59.28006 410
140 59.40938 415
140 59.70172 420
140 59.98411 425
140 60.23613 430
140 60.44341 435
140 60.37176 440
140 60.56998 445
140 60.66413 450
140 60.63272 455
140 60.44617 460
140 60.34007 465
140 60.30595 470
140 60.06536 475
140 59.95643 480
140 59.69005 485
140 59.40254 490
140 59.14384 495
140 58.78315 500
140 58.35493 505
140 57.61833 510
140 56.43324 515
140 54.96958 520
140 53.74325 525
140 52.59088 530
140 51.89409 535
140 51.6998 540
140 51.28037 545
140 50.60409 550
140 49.88592 555
140 48.56357 560
140 46.89737 565
140 44.91071 570
140 43.29625 575
140 42.20515 580
140 40.79849 585
140 39.03442 590
140 0 595
145 7.072616 0
145 7.039007 5
145 6.674982 10
145 5.327259 15
145 4.330348 20
145 4.116465 25
145 4.203798 30
145 4.199881 35
145 4.297602 40
145 4.516646 45
145 5.602316 50
145 7.160898 55
145 8.546325 60
145 10.24581 65
145 11.78699 70
145 13.42921 75
145 15.24939 80
145 17.93671 85
145 18.07458 90
145 18.44062 95
145 19.32521 100
145 19.88273 105
145 20.62444 110
145 21.0997 115
145 21.80107 120
145 22.80152 125
145 23.85852 130
145 25.17358 135
145 26.70979 140
145 28.10024 145
145 29.67094 150
145 30.80869 155
145 32.01757 160
145 33.39878 165
145 34.29508 170
145 34.89015 175
145 35.47927 180
145 36.02347 185
145 36.86379 190
145 37.92231 195
145 38.77583 200
145 39.77734 205
145 40.54448 210
145 41.39044 215
145 42.28871 220
145 43.18699 225
145 44.11456 230
145 45.029 235
145 45.77388 240
145 46.69998 245
145 47.6431 250
145 48.88842 255
145 49.87223 260
145 50.75651 265
145 51.89651 270
145 52.67924 275
145 52.97052 280
145 53.20272 285
145 53.50126 290
145 53.80095 295
145 54.12199 300
145 54.51687 305
145 54.88592 310
145 55.41443 315
145 55.72499 320
145 55.97137 325
145 56.36946 330
145 56.61459 335
145 56.68552 340
145 57.16963 345
145 57.87455 350
145 58.71706 355
145 59.25051 360
145 59.74563 365
145 60.14172 370
145 60.49778 375
145 60.65551 380
145 60.69328 385
145 60.69328 390
145 60.57883 395
145 60.47451 400
145 60.77622 405
145 60.95289 410
145 61.0563 415
145 61.48579 420
145 61.63711 425
145 61.6932 430
145 61.84074 435
145 61.64841 440
145 61.69604 445
145 62.69804 450
145 61.71584 455
145 61.4931 460
145 61.42367 465
145 61.39494 470
145 61.20841 475
145 61.16207 480
145 61.07346 485
145 60.80052 490
145 60.61559 495
145 60.1883 500
145 59.84458 505
145 59.10554 510
145 57.63276 515
145 56.14325 520
145 55.02055 525
145 53.76654 530
145 52.84552 535
145 51.92776 540
145 51.51448 545
145 50.90376 550
145 50.14431 555
145 49.05863 560
145 47.81053 565
145 46.02213 570
145 44.45425 575
145 43.63348 580
145 42.29653 585
145 40.65344 590
145 0 595
150 6.623405 0
150 6.913589 5
150 6.673939 10
150 5.305518 15
150 4.125933 20
150 4.139794 25
150 4.13318 30
150 4.245685 35
150 4.381022 40
150 4.799603 45
150 5.969288 50
150 7.516841 55
150 9.086216 60
150 10.50423 65
150 12.33854 70
150 13.64604 75
150 14.92649 80
150 16.07361 85
150 17.19951 90
150 18.35909 95
150 19.29667 100
150 20.12525 105
150 20.87461 110
150 21.55433 115
150 22.31792 120
150 23.24971 125
150 23.98174 130
150 25.00435 135
150 26.39452 140
150 27.73054 145
150 29.22783 150
150 30.31803 155
150 31.41072 160
150 32.8347 165
150 33.58106 170
150 34.33805 175
150 34.88253 180
150 35.47295 185
150 36.26084 190
150 37.29598 195
150 38.24335 200
150 39.27661 205
150 40.20309 210
150 41.12332 215
150 42.38752 220
150 43.28743 225
150 44.08251 230
150 44.97146 235
150 45.77042 240
150 46.45236 245
150 47.5051 250
150 48.7098 255
150 49.87016 260
150 50.98339 265
150 51.76961 270
150 52.60044 275
150 52.96892 280
150 53.29222 285
150 53.72526 290
150 54.24148 295
150 54.66806 300
150 55.16758 305
150 55.71384 310
150 56.42494 315
150 56.78892 320
150 57.07534 325
150 57.40044 330
150 57.75495 335
150 58.01158 340
150 58.55342 345
150 59.06604 350
150 59.46598 355
150 59.8061 360
150 60.33034 365
150 60.8983 370
150 61.46391 375
150 61.87494 380
150 62.23692 385
150 62.40777 390
150 62.46302 395
150 62.56442 400
150 62.69049 405
150 62.7965 410
150 62.92725 415
150 63.24041 420
150 63.37447 425
150 63.26006 430
150 63.18044 435
150 62.96817 440
150 62.65467 445
150 62.60025 450
150 62.54058 455
150 62.61079 460
150 62.52554 465
150 62.71566 470
150 62.6046 475
150 62.51188 480
150 62.40418 485
150 62.01471 490
150 61.83362 495
150 61.55521 500
150 61.41052 505
150 60.72361 510
150 59.67427 515
150 58.5334 520
150 56.90414 525
150 55.7766 530
150 54.64738 535
150 53.17769 540
150 52.43852 545
150 51.77943 550
150 51.04499 555
150 50.02653 560
150 49.05906 565
150 47.81053 570
150 46.29635 575
150 45.29257 580
150 43.85197 585
150 42.40405 590
150 0 595
155 6.318893 0
155 6.692436 5
155 6.468785 10
155 5.272372 15
155 4.012042 20
155 4.031768 25
155 4.133452 30
155 4.250649 35
155 4.3254 40
155 4.924982 45
155 6.278928 50
155 8.311157 55
155 9.71681 60
155 10.74402 65
155 11.92323 70
155 13.11668 75
155 14.58086 80
155 16.0875 85
155 17.63322 90
155 18.93234 95
155 20.11423 100
155 20.62643 105
155 21.34035 110
155 22.08051 115
155 22.79562 120
155 23.62558 125
155 24.27183 130
155 24.91117 135
155 26.16528 140
155 27.40706 145
155 28.48507 150
155 29.61116 155
155 30.63587 160
155 31.65851 165
155 32.70071 170
155 33.4848 175
155 34.1538 180
155 34.73767 185
155 35.69638 190
155 36.64883 195
155 37.73853 200
155 38.76944 205
155 39.89231 210
155 41.04446 215
155 42.24639 220
155 43.18901 225
155 44.12918 230
155 45.07928 235
155 45.89542 240
155 46.48116 245
155 47.37329 250
155 48.37345 255
155 49.51735 260
155 50.63998 265
155 51.50124 270
155 52.37593 275
155 53.00763 280
155 53.72388 285
155 54.33585 290
155 54.94139 295
155 55.41212 300
155 56.29563 305
155 57.12166 310
155 57.50938 315
155 57.75578 320
155 58.21507 325
155 58.47471 330
155 59.05474 335
155 59.55804 340
155 60.14355 345
155 60.71714 350
155 60.94178 355
155 61.07745 360
155 61.21371 365
155 61.77121 370
155 62.58373 375
155 63.34989 380
155 63.85972 385
155 64.20682 390
155 64.54392 395
155 64.9446 400
155 65.31718 405
155 65.12998 410
155 65.34873 415
155 65.29092 420
155 65.14277 425
155 65.07438 430
155 64.76831 435
155 64.4387 440
155 64.02253 445
155 63.84493 450
155 63.49068 455
155 63.44545 460
155 63.41406 465
155 63.54219 470
155 63.76513 475
155 63.81556 480
155 63.45129 485
155 63.37952 490
155 63.39624 495
155 63.22399 500
155 63.09463 505
155 62.51157 510
155 61.76999 515
155 60.61282 520
155 58.96955 525
155 57.52713 530
155 56.44106 535
155 54.81293 540
155 53.73693 545
155 53.0905 550
155 52.35885 555
155 51.3006 560
155 50.06325 565
155 49.03463 570
155 47.6121 575
155 46.46423 580
155 45.3798 585
155 44.16162 590
155 0 595
160 5.778439 0
160 6.237927 5
160 6.391354 10
160 4.987053 15
160 4.009373 20
160 4.019546 25
160 4.108997 30
160 4.259987 35
160 4.443057 40
160 5.309785 45
160 6.943069 50
160 8.733776 55
160 10.11802 60
160 10.61397 65
160 11.80442 70
160 13.08166 75
160 15.14572 80
160 16.83569 85
160 18.02933 90
160 19.36981 95
160 20.35786 100
160 21.31398 105
160 22.01245 110
160 22.7041 115
160 23.39581 120
160 24.06778 125
160 24.75538 130
160 25.46819 135
160 26.22245 140
160 27.36888 145
160 28.26017 150
160 29.07121 155
160 29.77963 160
160 30.68288 165
160 31.65706 170
160 32.55927 175
160 33.30574 180
160 34.23223 185
160 35.29704 190
160 36.33864 195
160 37.52674 200
160 38.60308 205
160 39.70989 210
160 40.87352 215
160 42.1797 220
160 43.0451 225
160 44.02527 230
160 44.95208 235
160 45.62188 240
160 46.11533 245
160 46.92478 250
160 48.22916 255
160 49.49119 260
160 50.29291 265
160 51.51957 270
160 52.62577 275
160 53.28077 280
160 54.32377 285
160 55.29383 290
160 56.03025 295
160 57.01621 300
160 58.39304 305
160 59.17188 310
160 59.68362 315
160 59.81178 320
160 59.83692 325
160 60.12954 330
160 60.81456 335
160 61.5611 340
160 62.09803 345
160 62.28377 350
160 62.63929 355
160 63.00451 360
160 63.39753 365
160 63.85315 370
160 64.19903 375
160 64.87214 380
160 65.67823 385
160 66.3 390
160 67.0014 395
160 67.61708 400
160 67.9275 405
160 67.95895 410
160 67.91107 415
160 67.86914 420
160 67.48048 425
160 67.17654 430
160 66.70705 435
160 66.37679 440
160 65.9958 445
160 65.27438 450
160 64.79523 455
160 64.90313 460
160 64.7431 465
160 64.60513 470
160 64.85073 475
160 65.10034 480
160 64.90691 485
160 65.15032 490
160 65.15532 495
160 64.97394 500
160 64.82285 505
160 64.34158 510
160 63.45981 515
160 62.13332 520
160 60.73911 525
160 59.35764 530
160 58.26897 535
160 57.00051 540
160 55.99583 545
160 54.68689 550
160 53.78822 555
160 52.28852 560
160 51.18267 565
160 50.29614 570
160 48.89282 575
160 47.70445 580
160 46.6509 585
160 45.39628 590
160 0 595
165 5.551383 0
165 6.208345 5
165 5.862587 10
165 4.124804 15
165 4.00118 20
165 4.070454 25
165 4.154888 30
165 3.942952 35
165 4.602945 40
165 5.348437 45
165 6.819086 50
165 8.473408 55
165 9.571464 60
165 11.00025 65
165 12.5941 70
165 14.04412 75
165 15.32923 80
165 16.92824 85
165 18.40774 90
165 19.62425 95
165 20.64346 100
165 21.60614 105
165 22.51074 110
165 23.32359 115
165 24.15521 120
165 24.84255 125
165 25.44285 130
165 25.98026 135
165 26.69365 140
165 27.56898 145
165 28.28706 150
165 28.91891 155
165 29.42609 160
165 30.0564 165
165 30.87328 170
165 31.728 175
165 32.5938 180
165 33.8828 185
165 34.87981 190
165 36.36271 195
165 37.44236 200
165 38.61445 205
165 39.5465 210
165 40.60833 215
165 41.65184 220
165 42.72911 225
165 43.68816 230
165 44.41163 235
165 44.92285 240
165 45.77784 245
165 46.91113 250
165 48.10687 255
165 49.54284 260
165 50.51876 265
165 51.70701 270
165 52.68751 275
165 53.87475 280
165 55.11581 285
165 56.04826 290
165 57.1661 295
165 58.66484 300
165 60.21477 305
165 60.97794 310
165 61.64734 315
165 62.10117 320
165 62.41006 325
165 62.69392 330
165 63.2838 335
165 63.55099 340
165 63.81223 345
165 64.11618 350
165 64.38431 355
165 65.17461 360
165 65.67044 365
165 66.43307 370
165 67.03056 375
165 67.69084 380
165 68.27668 385
165 68.73221 390
165 69.51573 395
165 69.84025 400
165 70.3476 405
165 70.43221 410
165 70.33453 415
165 70.23671 420
165 69.91845 425
165 69.48161 430
165 69.0232 435
165 68.66617 440
165 68.06738 445
165 67.46675 450
165 66.98521 455
165 66.44774 460
165 66.26112 465
165 65.96954 470
165 66.05937 475
165 66.18712 480
165 66.40868 485
165 66.49026 490
165 66.47598 495
165 66.70077 500
165 66.33352 505
165 66.001 510
165 65.25671 515
165 64.18017 520
165 63.02219 525
165 62.18261 530
165 60.81286 535
165 59.40299 540
165 58.14981 545
165 56.85874 550
165 55.52998 555
165 54.29018 560
165 52.80676 565
165 51.63344 570
165 50.07419 575
165 48.94017 580
165 47.61886 585
165 46.40734 590
165 0 595
170 5.62285 0
170 6.128004 5
170 4.928015 10
170 4.007293 15
170 4.046532 20
170 4.155584 25
170 4.214892 30
170 4.369604 35
170 4.817363 40
170 5.528242 45
170 6.94922 50
170 8.276836 55
170 9.763316 60
170 11.56099 65
170 13.13398 70
170 14.1797 75
170 15.55074 80
170 16.8298 85
170 18.23032 90
170 19.78189 95
170 21.72761 100
170 22.07839 105
170 23.64713 110
170 23.66518 115
170 24.69558 120
170 25.57045 125
170 26.32355 130
170 26.8927 135
170 27.42302 140
170 28.09211 145
170 28.55465 150
170 28.99854 155
170 29.42187 160
170 30.09674 165
170 30.7492 170
170 31.57678 175
170 32.18854 180
170 33.26127 185
170 34.42779 190
170 36.23317 195
170 37.40171 200
170 38.47781 205
170 39.57229 210
170 40.26647 215
170 41.13903 220
170 42.03465 225
170 43.05008 230
170 43.78501 235
170 44.52711 240
170 45.6959 245
170 46.78672 250
170 48.0006 255
170 49.41801 260
170 50.54008 265
170 51.88552 270
170 52.91708 275
170 54.30973 280
170 55.64199 285
170 56.89492 290
170 58.2459 295
170 59.8382 300
170 61.02103 305
170 62.2132 310
170 63.543 315
170 64.49776 320
170 65.06334 325
170 65.49205 330
170 65.95634 335
170 66.01144 340
170 66.07467 345
170 65.98885 350
170 66.97958 355
170 67.90859 360
170 68.24399 365
170 68.89594 370
170 69.8233 375
170 70.56544 380
170 71.22089 385
170 71.71323 390
170 72.05851 395
170 72.11529 400
170 72.42189 405
170 72.50697 410
170 72.56025 415
170 72.32016 420
170 72.04306 425
170 71.83791 430
170 71.45258 435
170 71.04616 440
170 70.40688 445
170 69.72533 450
170 68.95412 455
170 68.09261 460
170 67.68886 465
170 67.55238 470
170 67.73366 475
170 67.53877 480
170 67.73802 485
170 67.77639 490
170 67.75973 495
170 67.71928 500
170 67.62668 505
170 67.45275 510
170 67.05723 515
170 66.30997 520
170 65.34579 525
170 64.19456 530
170 63.01488 535
170 60.9337 540
170 59.83849 545
170 58.82816 550
170 57.03999 555
170 55.71887 560
170 54.29471 565
170 52.68552 570
170 51.26369 575
170 50.12171 580
170 48.91508 585
170 47.53376 590
170 0 595
175 5.73615 0
175 5.891887 5
175 4.696136 10
175 3.988599 15
175 4.035604 20
175 4.186483 25
175 4.232395 30
175 4.434747 35
175 4.976713 40
175 5.94924 45
175 7.160741 50
175 8.498162 55
175 9.753409 60
175 11.45665 65
175 12.7398 70
175 14.14394 75
175 15.62044 80
175 16.82998 85
175 17.96253 90
175 19.41085 95
175 20.59647 100
175 21.89421 105
175 22.97585 110
175 23.82317 115
175 25.15528 120
175 26.16667 125
175 26.93101 130
175 27.63601 135
175 28.2654 140
175 28.84812 145
175 29.27849 150
175 29.88526 155
175 30.17962 160
175 30.66405 165
175 30.95859 170
175 31.45053 175
175 31.78919 180
175 32.49988 185
175 34.26308 190
175 36.18061 195
175 37.57793 200
175 38.50912 205
175 39.44662 210
175 39.96969 215
175 40.45444 220
175 41.37054 225
175 42.50589 230
175 43.57791 235
175 44.54059 240
175 45.46979 245
175 46.54633 250
175 47.99066 255
175 49.44091 260
175 51.15878 265
175 52.445 270
175 53.61378 275
175 54.84838 280
175 56.25904 285
175 57.77236 290
175 59.19167 295
175 60.47006 300
175 61.85801 305
175 63.603 310
175 65.3154 315
175 66.53104 320
175 67.40083 325
175 68.69023 330
175 68.55858 335
175 68.53928 340
175 68.39581 345
175 68.75804 350
175 69.4521 355
175 70.37875 360
175 71.01732 365
175 71.52989 370
175 72.38166 375
175 73.21584 380
175 73.6937 385
175 74.27177 390
175 74.46633 395
175 74.3839 400
175 74.47331 405
175 74.54306 410
175 74.85128 415
175 74.72227 420
175 74.35836 425
175 74.02981 430
175 73.83855 435
175 73.5485 440
175 72.89723 445
175 72.09641 450
175 71.05238 455
175 70.23279 460
175 69.73388 465
175 69.49376 470
175 69.21819 475
175 69.0448 480
175 69.0065 485
175 69.08801 490
175 69.13258 495
175 69.07864 500
175 68.78438 505
175 68.4589 510
175 68.12453 515
175 67.6258 520
175 66.88822 525
175 66.04089 530
175 64.70469 535
175 62.81467 540
175 61.70644 545
175 60.49388 550
175 58.81262 555
175 57.02563 560
175 55.4247 565
175 53.68286 570
175 52.29831 575
175 51.13035 580
175 50.10556 585
175 48.94397 590
175 0 595
180 5.263288 0
180 5.475908 5
180 4.275056 10
180 3.965552 15
180 4.079709 20
180 4.237547 25
180 4.340713 30
180 4.485986 35
180 5.261751 40
180 6.394746 45
180 7.330269 50
180 8.363855 55
180 9.674145 60
180 11.12174 65
180 12.63802 70
180 14.34577 75
180 16.08189 80
180 16.96906 85
180 17.99793 90
180 19.01139 95
180 20.25656 100
180 21.60517 105
180 22.92649 110
180 24.06479 115
180 25.32343 120
180 26.56759 125
180 27.58123 130
180 28.36792 135
180 29.02829 140
180 29.6754 145
180 30.11108 150
180 30.70248 155
180 31.0205 160
180 31.23433 165
180 31.4457 170
180 31.82613 175
180 31.96944 180
180 32.30307 185
180 33.66769 190
180 35.92475 195
180 37.64814 200
180 38.67711 205
180 39.50484 210
180 39.88634 215
180 39.95216 220
180 41.11766 225
180 42.45749 230
180 43.61575 235
180 44.51271 240
180 45.1426 245
180 46.21198 250
180 47.89735 255
180 49.93597 260
180 51.71053 265
180 53.01126 270
180 54.2788 275
180 55.45542 280
180 56.96493 285
180 58.40073 290
180 59.84409 295
180 61.30066 300
180 62.74773 305
180 64.6068 310
180 66.28167 315
180 67.82784 320
180 68.90492 325
180 69.80785 330
180 70.62517 335
180 70.68231 340
180 70.88554 345
180 71.39725 350
180 72.04239 355
180 72.47881 360
180 73.16585 365
180 74.22732 370
180 74.98405 375
180 75.82613 380
180 76.33569 385
180 76.51926 390
180 76.73921 395
180 76.77024 400
180 76.72754 405
180 76.61617 410
180 76.8166 415
180 76.75366 420
180 76.51872 425
180 76.47196 430
180 76.36971 435
180 76.02695 440
180 75.26555 445
180 74.29937 450
180 73.23825 455
180 72.21954 460
180 71.63882 465
180 71.0399 470
180 70.57586 475
180 70.34665 480
180 70.28703 485
180 70.3712 490
180 70.21782 495
180 70.10403 500
180 69.91968 505
180 69.8298 510
180 69.31301 515
180 68.75479 520
180 68.23725 525
180 67.43253 530
180 66.26052 535
180 64.80088 540
180 63.42978 545
180 62.0722 550
180 60.27192 555
180 58.78313 560
180 56.80223 565
180 54.9298 570
180 53.59961 575
180 52.45998 580
180 51.56963 585
180 50.2835 590
180 0 595
185 4.529618 0
185 4.549981 5
185 3.962791 10
185 3.979109 15
185 4.110329 20
185 4.289893 25
185 4.363736 30
185 4.56581 35
185 5.454426 40
185 6.697145 45
185 7.607457 50
185 8.597552 55
185 9.784443 60
185 11.2183 65
185 12.82734 70
185 14.91969 75
185 16.33055 80
185 17.30893 85
185 18.05917 90
185 18.96906 95
185 20.07489 100
185 21.3759 105
185 23.13925 110
185 24.26557 115
185 25.73749 120
185 26.88729 125
185 27.80429 130
185 29.36734 135
185 29.45344 140
185 30.04669 145
185 30.6673 150
185 31.01524 155
185 31.49276 160
185 31.77638 165
185 32.06584 170
185 32.31176 175
185 32.47777 180
185 32.62833 185
185 34.01591 190
185 35.7043 195
185 37.46613 200
185 39.15455 205
185 39.65822 210
185 39.8648 215
185 39.92921 220
185 40.8408 225
185 42.01936 230
185 43.14027 235
185 44.26711 240
185 45.17852 245
185 46.31749 250
185 48.15365 255
185 50.25969 260
185 52.03076 265
185 53.45119 270
185 54.75492 275
185 56.05075 280
185 57.70109 285
185 59.068 290
185 60.575 295
185 62.14988 300
185 63.70294 305
185 65.4898 310
185 67.01138 315
185 68.32875 320
185 69.38535 325
185 70.70998 330
185 71.6796 335
185 72.07141 340
185 72.54179 345
185 73.24361 350
185 73.75351 355
185 74.51921 360
185 74.95657 365
185 75.7256 370
185 76.7699 375
185 77.48016 380
185 77.8717 385
185 78.19498 390
185 78.41736 395
185 78.39098 400
185 78.49866 405
185 78.60932 410
185 78.79008 415
185 78.92374 420
185 79.08142 425
185 78.77731 430
185 78.52377 435
185 77.909 440
185 77.20992 445
185 76.21742 450
185 75.25679 455
185 74.43758 460
185 73.56067 465
185 72.76392 470
185 72.20382 475
185 71.84441 480
185 71.60741 485
185 71.40823 490
185 71.41153 495
185 71.27496 500
185 71.11584 505
185 70.95701 510
185 70.74016 515
185 70.22386 520
185 69.4707 525
185 68.61908 530
185 67.64803 535
185 66.3655 540
185 65.20904 545
185 63.56331 550
185 62.15911 555
185 60.53459 560
185 58.62959 565
185 56.35587 570
185 54.96406 575
185 53.85543 580
185 52.70155 585
185 51.28739 590
185 0 595
190 3.929127 0
190 3.87922 5
190 3.96612 10
190 4.023721 15
190 4.214013 20
190 4.322449 25
190 4.469624 30
190 4.795802 35
190 5.393631 40
190 6.769176 45
190 7.694885 50
190 8.679893 55
190 10.08808 60
190 11.59471 65
190 13.65341 70
190 15.67727 75
190 17.05667 80
190 18.59017 85
190 19.02972 90
190 19.3834 95
190 20.30135 100
190 21.5207 105
190 23.2775 110
190 24.53768 115
190 26.15813 120
190 26.99328 125
190 27.89414 130
190 29.29059 135
190 29.74247 140
190 30.29085 145
190 30.94704 150
190 31.46455 155
190 31.82866 160
190 32.31735 165
190 32.78923 170
190 33.21144 175
190 33.32131 180
190 33.28337 185
190 34.08945 190
190 35.64017 195
190 37.43481 200
190 39.20502 205
190 39.90963 210
190 39.80134 215
190 40.04221 220
190 40.6309 225
190 41.77962 230
190 42.88574 235
190 44.22462 240
190 45.36395 245
190 46.41659 250
190 48.48582 255
190 50.23515 260
190 52.00525 265
190 53.72744 270
190 55.11695 275
190 56.66027 280
190 58.2491 285
190 60.04571 290
190 61.6423 295
190 63.05348 300
190 64.55025 305
190 66.09947 310
190 67.58774 315
190 68.85081 320
190 69.92834 325
190 71.24167 330
190 72.19998 335
190 72.78896 340
190 73.78603 345
190 74.33046 350
190 74.96458 355
190 75.6783 360
190 76.2732 365
190 77.13093 370
190 77.80679 375
190 78.36789 380
190 78.9743 385
190 79.55571 390
190 79.88863 395
190 80.12555 400
190 80.31434 405
190 80.4592 410
190 80.68829 415
190 80.83409 420
190 81.01051 425
190 80.90024 430
190 80.10173 435
190 79.30752 440
190 78.73307 445
190 77.82893 450
190 76.99121 455
190 76.22218 460
190 75.24358 465
190 74.43974 470
190 73.89684 475
190 73.34447 480
190 72.91024 485
190 72.71809 490
190 72.45069 495
190 72.28624 500
190 72.10888 505
190 72.02909 510
190 71.67878 515
190 71.24071 520
190 70.61472 525
190 69.76942 530
190 68.77325 535
190 67.69653 540
190 66.35769 545
190 64.86049 550
190 63.30016 555
190 61.76435 560
190 59.97538 565
190 57.70187 570
190 55.93941 575
190 54.74547 580
190 53.76431 585
190 52.50364 590
190 0 595
195 0 0
195 0 5
195 0 10
195 0 15
195 0 20
195 0 25
195 0 30
195 0 35
195 0 40
195 0 45
195 0 50
195 0 55
195 0 60
195 0 65
195 0 70
195 0 75
195 0 80
195 0 85
195 0 90
195 0 95
195 0 100
195 0 105
195 0 110
195 0 115
195 0 120
195 0 125
195 0 130
195 0 135
195 0 140
195 0 145
195 0 150
195 0 155
195 0 160
195 0 165
195 0 170
195 0 175
195 0 180
195 0 185
195 0 190
195 0 195
195 0 200
195 0 205
195 0 210
195 0 215
195 0 220
195 0 225
195 0 230
195 0 235
195 0 240
195 0 245
195 0 250
195 0 255
195 0 260
195 0 265
195 0 270
195 0 275
195 0 280
195 0 285
195 0 290
195 0 295
195 0 300
195 0 305
195 0 310
195 0 315
195 0 320
195 0 325
195 0 330
195 0 335
195 0 340
195 0 345
195 0 350
195 0 355
195 0 360
195 0 365
195 0 370
195 0 375
195 0 380
195 0 385
195 0 390
195 0 395
195 0 400
195 0 405
195 0 410
195 0 415
195 0 420
195 0 425
195 0 430
195 0 435
195 0 440
195 0 445
195 0 450
195 0 455
195 0 460
195 0 465
195 0 470
195 0 475
195 0 480
195 0 485
195 0 490
195 0 495
195 0 500
195 0 505
195 0 510
195 0 515
195 0 520
195 0 525
195 0 530
195 0 535
195 0 540
195 0 545
195 0 550
195 0 555
195 0 560
195 0 565
195 0 570
195 0 575
195 0 580
195 0 585
195 0 590
195 0 595
